78
PV640869.1 0.0000000 0.0279000 0.0277235 0.0276804 0.0273464 0.0278474 0.0295662 0.0277553 0.1145028 0.0272355 0.0264333 0.0266203 0.0264931 0.0272833 0.0271471 0.0267245 0.0282765 0.0268030 0.0277490 0.0280798 0.0278790 0.0278215 0.0282753 0.0277555 0.0077098 0.0083036 0.0254059 0.1147051 0.1147064 0.1146843 0.1141049 0.1145928 0.0246992 0.0235968 0.0256519 0.0257907 0.0250800 0.0274070 0.0256670 0.0254743 0.0255388 0.0274697 0.0275083 0.0255718 0.0256145 0.0256067 0.0258669 0.0256749 0.0256156 0.0266599 0.0270934 0.0263884 0.0264596 0.0273806 0.0262693 0.0264138 0.0268617 0.0267107 0.0064755 0.1169273 0.0276073 0.0266409 0.0267098 0.0259110 0.0266394 0.0268430 0.0265754 0.0267064 0.0266409 0.0267050 0.0271736 0.0056880 0.0056309 0.0056674 0.0056674 0.0260601 0.0263310 0.0249599 
PX130164.1 0.0279000 0.0000000 0.0073656 0.0071379 0.0076032 0.0054112 0.0099526 0.0021187 0.1130188 0.0126764 0.0047779 0.0122693 0.0064457 0.0049493 0.0124452 0.0123784 0.0046629 0.0072004 0.0033570 0.0033573 0.0082945 0.0020062 0.0046052 0.0022319 0.0279548 0.0292179 0.0107124 0.1132190 0.1132203 0.1131986 0.1128062 0.1131079 0.0103493 0.0094763 0.0114699 0.0115927 0.0108820 0.0048325 0.0112402 0.0110629 0.0111221 0.0048321 0.0066101 0.0110763 0.0050615 0.0084751 0.0086567 0.0085352 0.0055201 0.0054022 0.0128548 0.0039803 0.0041134 0.0129265 0.0120791 0.0120853 0.0071304 0.0031883 0.0262859 0.1154310 0.0132020 0.0124290 0.0124904 0.0121573 0.0124283 0.0126113 0.0123691 0.0124889 0.0124290 0.0124882 0.0129124 0.0254162 0.0253933 0.0255171 0.0255171 0.0048317 0.0066156 0.0105865 
PX130165.1 0.0277235 0.0073656 0.0000000 0.0033055 0.0035303 0.0078949 0.0063974 0.0074231 0.1126658 0.0123949 0.0075421 0.0119333 0.0026825 0.0080641 0.0123471 0.0123993 0.0080576 0.0030793 0.0075375 0.0078287 0.0046647 0.0073641 0.0079436 0.0074266 0.0276405 0.0288999 0.0103104 0.1128658 0.1126858 0.1128454 0.1124534 0.1127549 0.0100143 0.0091303 0.0111347 0.0112574 0.0105468 0.0073641 0.0109632 0.0107859 0.0108451 0.0073635 0.0075401 0.0108585 0.0059830 0.0083684 0.0083123 0.0084286 0.0058068 0.0067864 0.0125733 0.0064989 0.0064723 0.0128297 0.0118620 0.0118681 0.0065582 0.0066137 0.0258448 0.1155120 0.0129855 0.0122122 0.0122735 0.0121182 0.0122115 0.0123945 0.0121522 0.0122721 0.0122122 0.0122715 0.0126957 0.0250394 0.0249516 0.0250774 0.0250774 0.0060954 0.0074303 0.0102515 
PX130166.1 0.0276804 0.0071379 0.0033055 0.0000000 0.0030790 0.0079074 0.0066387 0.0076674 0.1123797 0.0122127 0.0075540 0.0115671 0.0020086 0.0080769 0.0117280 0.0119127 0.0081323 0.0018958 0.0076658 0.0079576 0.0049013 0.0074920 0.0080727 0.0076092 0.0277400 0.0290695 0.0103150 0.1125796 0.1123997 0.1125593 0.1121675 0.1124688 0.0096539 0.0090799 0.0108899 0.0110122 0.0103031 0.0071421 0.0107186 0.0105416 0.0106007 0.0071416 0.0075521 0.0106138 0.0059925 0.0082553 0.0082566 0.0083154 0.0058763 0.0067971 0.0122711 0.0065092 0.0064248 0.0124069 0.0114963 0.0115022 0.0065686 0.0066242 0.0260038 0.1152248 0.0126172 0.0118458 0.0119069 0.0118034 0.0118451 0.0120275 0.0117860 0.0119056 0.0118458 0.0119049 0.0123279 0.0252626 0.0251750 0.0252352 0.0252352 0.0061051 0.0074421 0.0098904 
PV132706.1 0.0273464 0.0076032 0.0035303 0.0030790 0.0000000 0.0076033 0.0064579 0.0077746 0.1118063 0.0124060 0.0075456 0.0119984 0.0018377 0.0080680 0.0120397 0.0122251 0.0081233 0.0022317 0.0075969 0.0079488 0.0047236 0.0075993 0.0080638 0.0077173 0.0273412 0.0285994 0.0103102 0.1120059 0.1118261 0.1119856 0.1115945 0.1118952 0.0099596 0.0090762 0.0111991 0.0113218 0.0106107 0.0073676 0.0110274 0.0108500 0.0109092 0.0073670 0.0076014 0.0109227 0.0060430 0.0084305 0.0084934 0.0084907 0.0059269 0.0068470 0.0125844 0.0065019 0.0064754 0.0126559 0.0118075 0.0118136 0.0065036 0.0066168 0.0256109 0.1142865 0.0129312 0.0121577 0.0122191 0.0120638 0.0121571 0.0123401 0.0120978 0.0122177 0.0121577 0.0122170 0.0126413 0.0248698 0.0247818 0.0248437 0.0248437 0.0061556 0.0074916 0.0101968 
PV132707.1 0.0278474 0.0054112 0.0078949 0.0079074 0.0076033 0.0000000 0.0100763 0.0050638 0.1130959 0.0124506 0.0052344 0.0121039 0.0066233 0.0052928 0.0126420 0.0125750 0.0054646 0.0074950 0.0050608 0.0052928 0.0085326 0.0048345 0.0054064 0.0048341 0.0280339 0.0293012 0.0107751 0.1132962 0.1132975 0.1132757 0.1128833 0.1131851 0.0101840 0.0095381 0.0113047 0.0114275 0.0107167 0.0046635 0.0111332 0.0109559 0.0110151 0.0047200 0.0066703 0.0109692 0.0051206 0.0085986 0.0087229 0.0085424 0.0056940 0.0053480 0.0126290 0.0027381 0.0028645 0.0127004 0.0120324 0.0120386 0.0071334 0.0039816 0.0263621 0.1159734 0.0132149 0.0123825 0.0124440 0.0122318 0.0123818 0.0125650 0.0123226 0.0124425 0.0123825 0.0124418 0.0128663 0.0255579 0.0254007 0.0255928 0.0255928 0.0048906 0.0066759 0.0104213 
PQ368168.1 0.0295662 0.0099526 0.0063974 0.0066387 0.0064579 0.0100763 0.0000000 0.0095358 0.1139461 0.0140948 0.0088897 0.0135638 0.0055928 0.0094124 0.0138602 0.0139090 0.0100643 0.0059993 0.0095923 0.0098876 0.0017834 0.0095954 0.0098865 0.0095364 0.0296285 0.0309159 0.0119186 0.1141470 0.1139663 0.1141264 0.1137316 0.1140354 0.0116228 0.0107266 0.0126313 0.0127555 0.0120386 0.0092991 0.0124590 0.0122802 0.0123399 0.0092984 0.0097127 0.0123552 0.0081341 0.0103165 0.0104069 0.0103777 0.0080161 0.0088312 0.0141506 0.0085396 0.0085224 0.0142241 0.0133668 0.0133738 0.0088344 0.0085394 0.0278095 0.1160754 0.0144990 0.0137192 0.0137813 0.0134769 0.0137184 0.0139035 0.0136587 0.0137797 0.0137192 0.0137790 0.0141468 0.0270682 0.0270515 0.0270343 0.0270343 0.0082472 0.0092452 0.0118626 
PQ368169.1 0.0277553 0.0021187 0.0074231 0.0076674 0.0077746 0.0050638 0.0095358 0.0000000 0.1123866 0.0127422 0.0042630 0.0123349 0.0066164 0.0039787 0.0125073 0.0125645 0.0035804 0.0073717 0.0022843 0.0022845 0.0081154 0.0004428 0.0035233 0.0005536 0.0276807 0.0289397 0.0105338 0.1125864 0.1125877 0.1125661 0.1121746 0.1124756 0.0104132 0.0094126 0.0114133 0.0115361 0.0108254 0.0038621 0.0111836 0.0110064 0.0110656 0.0038618 0.0062050 0.0110197 0.0047156 0.0083549 0.0085346 0.0084149 0.0052858 0.0048277 0.0127979 0.0030154 0.0031431 0.0128696 0.0120223 0.0120286 0.0070088 0.0021166 0.0260804 0.1147079 0.0131451 0.0123722 0.0124336 0.0122234 0.0123715 0.0125545 0.0123123 0.0124321 0.0123722 0.0124315 0.0128556 0.0252112 0.0251192 0.0253127 0.0253127 0.0044865 0.0062648 0.0106507 
PQ463988.1 0.1145028 0.1130188 0.1126658 0.1123797 0.1118063 0.1130959 0.1139461 0.1123866 0.0000000 0.1122417 0.1109374 0.1113534 0.1109769 0.1115956 0.1118331 0.1111287 0.1121573 0.1112112 0.1124480 0.1128226 0.1117974 0.1121263 0.1127460 0.1121262 0.1140100 0.1105895 0.1105900 0.0001107 0.0002214 0.0001107 0.0005551 0.0000553 0.1085248 0.1088183 0.1101763 0.1103962 0.1086268 0.1118719 0.1096102 0.1093473 0.1094356 0.1119517 0.1121510 0.1095994 0.1101318 0.1102238 0.1107146 0.1103259 0.1099054 0.1120915 0.1121397 0.1118124 0.1121168 0.1123098 0.1106450 0.1108903 0.1117032 0.1114218 0.1128927 0.0254048 0.1120595 0.1109164 0.1110249 0.1071603 0.1109115 0.1112170 0.1108248 0.1110081 0.1109164 0.1110033 0.1116932 0.1118043 0.1113485 0.1136419 0.1136419 0.1106293 0.1108776 0.1088961 
PP981664.1 0.0272355 0.0126764 0.0123949 0.0122127 0.0124060 0.0124506 0.0140948 0.0127422 0.1122417 0.0000000 0.0104719 0.0059904 0.0113900 0.0119565 0.0058133 0.0056361 0.0129224 0.0114427 0.0125007 0.0129214 0.0125062 0.0125607 0.0126828 0.0124438 0.0269744 0.0282305 0.0107709 0.1124413 0.1124425 0.1124210 0.1120298 0.1123306 0.0043764 0.0075464 0.0054584 0.0055758 0.0047183 0.0121356 0.0050598 0.0048889 0.0049459 0.0121347 0.0124508 0.0048947 0.0104849 0.0107118 0.0108674 0.0108910 0.0106618 0.0116077 0.0024531 0.0113122 0.0113675 0.0022861 0.0048902 0.0048927 0.0117904 0.0115492 0.0253805 0.1135906 0.0062018 0.0053435 0.0054014 0.0056062 0.0053432 0.0055174 0.0052863 0.0054008 0.0053435 0.0054005 0.0058048 0.0245118 0.0242905 0.0244870 0.0244870 0.0110148 0.0108934 0.0046044 
PP981665.1 0.0264333 0.0047779 0.0075421 0.0075540 0.0075456 0.0052344 0.0088897 0.0042630 0.1109374 0.0104719 0.0000000 0.0100683 0.0065035 0.0036361 0.0109566 0.0100624 0.0038083 0.0070270 0.0040921 0.0044334 0.0074760 0.0040920 0.0036380 0.0042066 0.0264945 0.0278030 0.0095801 0.1111361 0.1111374 0.1111160 0.1107266 0.1110260 0.0081771 0.0080028 0.0094004 0.0095209 0.0088190 0.0045460 0.0092300 0.0090548 0.0091133 0.0045456 0.0063206 0.0090657 0.0047751 0.0077739 0.0078859 0.0078336 0.0052317 0.0050011 0.0108239 0.0036955 0.0038270 0.0110109 0.0101167 0.0101219 0.0068979 0.0027921 0.0248419 0.1137900 0.0112282 0.0104637 0.0105241 0.0102668 0.0104631 0.0106434 0.0104046 0.0105229 0.0104637 0.0105223 0.0109407 0.0240389 0.0240132 0.0240794 0.0240794 0.0046594 0.0058625 0.0084110 
PP981667.1 0.0266203 0.0122693 0.0119333 0.0115671 0.0119984 0.0121039 0.0135638 0.0123349 0.1113534 0.0059904 0.0100683 0.0000000 0.0109841 0.0115507 0.0062879 0.0061094 0.0126935 0.0111559 0.0120938 0.0125139 0.0119796 0.0121537 0.0124532 0.0120972 0.0268162 0.0282025 0.0100171 0.1115525 0.1115538 0.1115324 0.1111422 0.1114422 0.0038147 0.0069764 0.0048949 0.0050118 0.0041560 0.0117295 0.0040439 0.0038736 0.0039304 0.0117286 0.0120980 0.0039351 0.0099633 0.0101356 0.0102233 0.0103144 0.0103759 0.0112021 0.0059892 0.0110257 0.0110796 0.0062243 0.0054749 0.0054777 0.0113844 0.0111437 0.0249745 0.1132864 0.0066774 0.0058158 0.0058741 0.0060917 0.0058155 0.0059898 0.0057583 0.0058734 0.0058158 0.0058731 0.0062787 0.0242877 0.0240661 0.0242637 0.0242637 0.0106100 0.0105007 0.0040423 
PP981668.1 0.0264931 0.0064457 0.0026825 0.0020086 0.0018377 0.0066233 0.0055928 0.0066164 0.1109769 0.0113900 0.0065035 0.0109841 0.0000000 0.0067893 0.0110265 0.0112103 0.0069627 0.0015027 0.0066150 0.0067893 0.0038697 0.0064424 0.0069038 0.0066190 0.0265559 0.0278679 0.0093085 0.1111759 0.1109966 0.1111558 0.1107659 0.1110657 0.0089591 0.0080810 0.0101915 0.0103132 0.0096062 0.0062122 0.0100203 0.0098439 0.0099028 0.0062118 0.0065018 0.0099150 0.0049525 0.0073236 0.0073705 0.0073832 0.0048374 0.0057526 0.0115676 0.0053524 0.0053206 0.0116378 0.0107951 0.0108007 0.0054110 0.0054665 0.0247708 0.1137206 0.0119132 0.0111440 0.0112049 0.0110825 0.0111433 0.0113250 0.0110844 0.0112036 0.0111440 0.0112029 0.0116243 0.0240301 0.0239412 0.0240070 0.0240070 0.0050647 0.0062764 0.0091948 
PP981669.1 0.0272833 0.0049493 0.0080641 0.0080769 0.0080680 0.0052928 0.0094124 0.0039787 0.1115956 0.0119565 0.0036361 0.0115507 0.0067893 0.0000000 0.0124471 0.0120200 0.0040922 0.0075480 0.0039213 0.0041488 0.0081132 0.0038080 0.0039215 0.0039223 0.0273408 0.0285955 0.0101108 0.1117948 0.1117961 0.1117746 0.1115648 0.1116844 0.0095228 0.0089966 0.0108738 0.0109959 0.0102879 0.0043746 0.0107028 0.0105261 0.0105851 0.0043743 0.0066660 0.0104801 0.0051173 0.0082995 0.0084785 0.0083595 0.0056903 0.0053437 0.0122528 0.0035251 0.0036556 0.0123237 0.0115982 0.0116042 0.0074175 0.0027356 0.0256795 0.1147230 0.0127180 0.0119473 0.0120084 0.0116035 0.0119466 0.0121289 0.0118876 0.0120070 0.0119473 0.0120064 0.0124290 0.0248126 0.0248513 0.0249138 0.0249138 0.0050013 0.0063223 0.0097588 
PP981670.1 0.0271471 0.0124452 0.0123471 0.0117280 0.0120397 0.0126420 0.0138602 0.0125073 0.1118331 0.0058133 0.0109566 0.0062879 0.0110265 0.0124471 0.0000000 0.0011678 0.0129853 0.0111981 0.0123849 0.0128054 0.0122733 0.0124484 0.0127447 0.0122695 0.0271440 0.0285350 0.0107265 0.1120325 0.1120338 0.1120122 0.1116215 0.1119219 0.0044399 0.0073824 0.0052950 0.0054114 0.0045536 0.0119015 0.0048952 0.0047242 0.0047812 0.0119005 0.0123350 0.0047870 0.0103698 0.0104246 0.0105160 0.0106036 0.0106652 0.0112543 0.0055834 0.0113157 0.0113710 0.0057581 0.0022336 0.0022347 0.0116748 0.0114338 0.0253524 0.1136358 0.0034150 0.0025697 0.0026263 0.0028125 0.0025695 0.0027393 0.0025133 0.0026260 0.0025697 0.0026259 0.0030218 0.0246115 0.0243942 0.0245864 0.0245864 0.0108995 0.0106693 0.0046684 
PP981671.1 0.0267245 0.0123784 0.0123993 0.0119127 0.0122251 0.0125750 0.0139090 0.0125645 0.1111287 0.0056361 0.0100624 0.0061094 0.0112103 0.0120200 0.0011678 0.0000000 0.0125636 0.0113821 0.0124421 0.0128627 0.0123228 0.0125056 0.0123236 0.0123267 0.0267871 0.0281717 0.0104179 0.1113277 0.1113289 0.1113075 0.1109177 0.1112174 0.0042654 0.0070836 0.0052320 0.0053491 0.0044925 0.0119586 0.0048337 0.0046629 0.0047199 0.0119576 0.0125111 0.0047256 0.0105443 0.0105991 0.0106931 0.0107783 0.0108399 0.0114295 0.0054063 0.0113727 0.0114283 0.0055806 0.0021754 0.0021765 0.0117904 0.0112529 0.0250011 0.1128369 0.0033553 0.0025111 0.0025676 0.0025789 0.0025109 0.0026805 0.0024548 0.0025674 0.0025111 0.0025672 0.0029626 0.0242610 0.0241754 0.0242371 0.0242371 0.0110744 0.0108442 0.0044935 
PP981673.1 0.0282765 0.0046629 0.0080576 0.0081323 0.0081233 0.0054646 0.0100643 0.0035804 0.1121573 0.0129224 0.0038083 0.0126935 0.0069627 0.0040922 0.0129853 0.0125636 0.0000000 0.0077197 0.0037497 0.0036369 0.0086387 0.0036373 0.0023960 0.0037519 0.0281346 0.0294670 0.0108844 0.1123568 0.1123581 0.1123365 0.1119455 0.1122462 0.0107673 0.0097647 0.0117693 0.0118924 0.0111804 0.0042021 0.0115977 0.0114201 0.0114794 0.0042018 0.0066046 0.0114340 0.0050574 0.0085884 0.0087125 0.0085317 0.0053997 0.0051697 0.0129781 0.0033538 0.0034834 0.0131702 0.0123791 0.0125053 0.0073554 0.0021164 0.0264646 0.1151138 0.0135037 0.0127295 0.0127910 0.0126515 0.0127287 0.0129122 0.0126694 0.0127895 0.0127295 0.0127888 0.0132139 0.0256602 0.0255041 0.0256956 0.0256956 0.0048278 0.0066102 0.0110053 
PP981674.1 0.0268030 0.0072004 0.0030793 0.0018958 0.0022317 0.0074950 0.0059993 0.0073717 0.1112112 0.0114427 0.0070270 0.0111559 0.0015027 0.0075480 0.0111981 0.0113821 0.0077197 0.0000000 0.0071386 0.0075454 0.0042700 0.0071967 0.0076603 0.0073746 0.0267392 0.0280533 0.0097140 0.1114104 0.1112310 0.1113902 0.1110000 0.1113000 0.0091296 0.0083680 0.0103626 0.0104844 0.0097771 0.0069029 0.0101914 0.0100149 0.0100738 0.0069024 0.0071411 0.0100862 0.0055862 0.0078419 0.0077782 0.0079018 0.0054704 0.0063885 0.0117395 0.0059863 0.0058997 0.0118099 0.0109667 0.0109724 0.0061605 0.0062161 0.0250768 0.1140471 0.0120852 0.0113156 0.0113765 0.0113216 0.0113150 0.0114967 0.0112560 0.0113752 0.0113156 0.0113746 0.0117962 0.0243363 0.0242478 0.0243122 0.0243122 0.0056986 0.0069152 0.0093654 
PP981675.1 0.0277490 0.0033570 0.0075375 0.0076658 0.0075969 0.0050608 0.0095923 0.0022843 0.1124480 0.0125007 0.0040921 0.0120938 0.0066150 0.0039213 0.0123849 0.0124421 0.0037497 0.0071386 0.0000000 0.0016683 0.0081716 0.0022283 0.0036925 0.0022284 0.0277438 0.0290670 0.0104096 0.1126478 0.1126491 0.1126275 0.1122359 0.1125370 0.0101755 0.0091764 0.0111742 0.0112967 0.0104689 0.0039181 0.0109447 0.0107677 0.0108268 0.0039178 0.0061437 0.0107807 0.0046010 0.0082370 0.0084149 0.0082970 0.0051707 0.0047131 0.0125564 0.0030713 0.0031993 0.0126277 0.0119004 0.0119066 0.0068923 0.0022845 0.0260745 0.1151335 0.0130223 0.0122501 0.0123114 0.0120982 0.0122494 0.0124321 0.0121902 0.0123099 0.0122501 0.0123093 0.0127329 0.0252055 0.0251135 0.0253070 0.0253070 0.0043722 0.0061488 0.0104126 
PP981676.1 0.0280798 0.0033573 0.0078287 0.0079576 0.0079488 0.0052928 0.0098876 0.0022845 0.1128226 0.0129214 0.0044334 0.0125139 0.0067893 0.0041488 0.0128054 0.0128627 0.0036369 0.0075454 0.0016683 0.0000000 0.0084638 0.0023408 0.0036929 0.0024541 0.0282005 0.0292697 0.0108247 0.1130226 0.1130239 0.1130022 0.1126102 0.1129117 0.0105900 0.0095884 0.0115910 0.0117139 0.0108841 0.0040320 0.0113612 0.0111838 0.0112430 0.0040317 0.0064319 0.0111973 0.0048863 0.0085296 0.0087119 0.0085897 0.0054571 0.0049985 0.0129771 0.0031845 0.0033131 0.0130490 0.0123196 0.0123259 0.0071819 0.0022848 0.0265298 0.1153282 0.0134438 0.0126698 0.0127313 0.0124682 0.0126691 0.0128524 0.0126098 0.0127298 0.0126698 0.0127291 0.0131541 0.0256604 0.0255687 0.0257606 0.0257606 0.0046570 0.0064373 0.0108277 
PP981677.1 0.0278790 0.0082945 0.0046647 0.0049013 0.0047236 0.0085326 0.0017834 0.0081154 0.1117974 0.0125062 0.0074760 0.0119796 0.0038697 0.0081132 0.0122733 0.0123228 0.0086387 0.0042700 0.0081716 0.0084638 0.0000000 0.0081742 0.0084628 0.0081159 0.0278716 0.0291337 0.0103548 0.1119968 0.1118173 0.1119766 0.1115859 0.1118863 0.0100619 0.0091761 0.0110604 0.0111828 0.0104735 0.0077657 0.0108892 0.0107121 0.0107712 0.0077650 0.0080580 0.0107845 0.0064970 0.0086526 0.0087187 0.0087129 0.0063807 0.0071869 0.0125619 0.0070141 0.0069899 0.0126333 0.0117864 0.0117925 0.0070736 0.0071292 0.0260751 0.1140932 0.0129081 0.0121360 0.0121973 0.0118550 0.0121353 0.0123180 0.0120762 0.0121958 0.0121360 0.0121952 0.0126187 0.0253352 0.0253159 0.0253076 0.0253076 0.0066096 0.0075954 0.0102989 
PP981678.1 0.0278215 0.0020062 0.0073641 0.0074920 0.0075993 0.0048345 0.0095954 0.0004428 0.1121263 0.0125607 0.0040920 0.0121537 0.0064424 0.0038080 0.0124484 0.0125056 0.0036373 0.0071967 0.0022283 0.0023408 0.0081742 0.0000000 0.0035801 0.0004428 0.0277466 0.0290064 0.0105299 0.1123260 0.1123272 0.1123057 0.1119145 0.1122153 0.0102346 0.0093546 0.0113548 0.0114775 0.0107671 0.0038057 0.0111252 0.0109479 0.0110071 0.0038054 0.0061479 0.0109612 0.0046590 0.0082972 0.0084761 0.0083572 0.0052290 0.0047711 0.0127390 0.0029593 0.0030867 0.0128106 0.0119636 0.0119698 0.0069516 0.0021728 0.0261456 0.1146284 0.0130862 0.0123135 0.0123748 0.0121631 0.0123128 0.0124957 0.0122536 0.0123734 0.0123135 0.0123727 0.0127967 0.0252763 0.0251843 0.0253776 0.0253776 0.0044300 0.0062078 0.0104718 
PP981679.1 0.0282753 0.0046052 0.0079436 0.0080727 0.0080638 0.0054064 0.0098865 0.0035233 0.1127460 0.0126828 0.0036380 0.0124532 0.0069038 0.0039215 0.0127447 0.0123236 0.0023960 0.0076603 0.0036925 0.0036929 0.0084628 0.0035801 0.0000000 0.0036947 0.0282643 0.0295984 0.0108235 0.1129459 0.1129472 0.1129256 0.1125338 0.1128350 0.0105302 0.0097043 0.0115308 0.0116537 0.0109427 0.0041447 0.0113594 0.0111820 0.0112412 0.0041444 0.0064312 0.0111956 0.0049996 0.0085286 0.0087109 0.0085887 0.0055706 0.0051118 0.0128576 0.0032968 0.0034260 0.0129293 0.0122590 0.0122654 0.0072964 0.0019475 0.0265930 0.1155242 0.0133829 0.0126092 0.0126706 0.0124048 0.0126085 0.0127917 0.0125492 0.0126692 0.0126092 0.0126685 0.0130932 0.0257885 0.0256287 0.0258235 0.0258235 0.0047701 0.0065514 0.0107678 
PP981681.1 0.0277555 0.0022319 0.0074266 0.0076092 0.0077173 0.0048341 0.0095364 0.0005536 0.1121262 0.0124438 0.0042066 0.0120972 0.0066190 0.0039223 0.0122695 0.0123267 0.0037519 0.0073746 0.0022284 0.0024541 0.0081159 0.0004428 0.0036947 0.0000000 0.0277472 0.0290070 0.0104706 0.1123258 0.1123271 0.1123055 0.1119143 0.1122151 0.0101783 0.0092957 0.0111773 0.0112998 0.0105901 0.0039205 0.0109477 0.0107707 0.0108298 0.0039202 0.0062075 0.0107837 0.0047174 0.0082388 0.0084167 0.0082987 0.0052878 0.0048296 0.0124995 0.0030732 0.0032012 0.0126898 0.0117853 0.0117914 0.0070117 0.0022859 0.0260805 0.1146282 0.0129069 0.0121349 0.0121961 0.0119186 0.0121342 0.0123168 0.0120750 0.0121947 0.0121349 0.0121940 0.0126175 0.0252114 0.0251193 0.0253129 0.0253129 0.0044883 0.0061501 0.0104155 
OR820506.1 0.0077098 0.0279548 0.0276405 0.0277400 0.0273412 0.0280339 0.0296285 0.0276807 0.1140100 0.0269744 0.0264945 0.0268162 0.0265559 0.0273408 0.0271440 0.0267871 0.0281346 0.0267392 0.0277438 0.0282005 0.0278716 0.0277466 0.0282643 0.0277472 0.0000000 0.0016852 0.0254729 0.1142110 0.1142123 0.1141904 0.1136136 0.1140994 0.0247059 0.0235457 0.0256548 0.0257930 0.0249577 0.0274624 0.0256058 0.0254140 0.0254782 0.0274624 0.0277062 0.0255110 0.0258092 0.0255457 0.0257386 0.0256136 0.0256154 0.0268490 0.0269639 0.0264507 0.0265219 0.0273151 0.0262051 0.0263489 0.0268564 0.0267070 0.0034156 0.1164230 0.0275365 0.0265749 0.0265136 0.0259379 0.0265734 0.0267760 0.0265097 0.0266401 0.0265749 0.0266386 0.0271049 0.0046841 0.0046343 0.0046673 0.0046673 0.0262534 0.0267820 0.0249654 
OR820508.1 0.0083036 0.0292179 0.0288999 0.0290695 0.0285994 0.0293012 0.0309159 0.0289397 0.1105895 0.0282305 0.0278030 0.0282025 0.0278679 0.0285955 0.0285350 0.0281717 0.0294670 0.0280533 0.0290670 0.0292697 0.0291337 0.0290064 0.0295984 0.0290070 0.0016852 0.0000000 0.0267740 0.1107894 0.1107907 0.1107692 0.1101962 0.1106786 0.0260605 0.0248212 0.0270220 0.0270983 0.0263156 0.0287209 0.0269730 0.0267786 0.0268437 0.0287840 0.0289658 0.0268786 0.0271786 0.0267734 0.0269863 0.0269114 0.0269132 0.0280982 0.0282850 0.0277596 0.0278380 0.0285765 0.0275817 0.0277281 0.0281061 0.0280192 0.0050482 0.1135817 0.0289303 0.0279557 0.0278938 0.0276361 0.0279541 0.0281600 0.0278896 0.0280218 0.0279557 0.0280203 0.0284937 0.0062836 0.0060010 0.0062655 0.0062655 0.0275595 0.0280292 0.0263238 
MW535746.1 0.0254059 0.0107124 0.0103104 0.0103150 0.0103102 0.0107751 0.0119186 0.0105338 0.1105900 0.0107709 0.0095801 0.0100171 0.0093085 0.0101108 0.0107265 0.0104179 0.0108844 0.0097140 0.0104096 0.0108247 0.0103548 0.0105299 0.0108235 0.0104706 0.0254729 0.0267740 0.0000000 0.1107885 0.1107898 0.1107684 0.1103794 0.1106785 0.0082997 0.0074246 0.0091718 0.0092922 0.0086484 0.0101675 0.0090015 0.0088264 0.0088848 0.0101667 0.0104132 0.0088957 0.0085358 0.0088865 0.0090151 0.0090635 0.0085938 0.0096456 0.0107670 0.0093534 0.0093988 0.0107768 0.0098875 0.0098926 0.0097661 0.0094701 0.0238285 0.1130617 0.0111163 0.0102344 0.0102947 0.0103343 0.0102338 0.0104139 0.0101753 0.0102935 0.0102344 0.0102930 0.0107109 0.0228999 0.0226206 0.0229439 0.0229439 0.0089426 0.0095902 0.0085340 
MK673558.1 0.1147051 0.1132190 0.1128658 0.1125796 0.1120059 0.1132962 0.1141470 0.1125864 0.0001107 0.1124413 0.1111361 0.1115525 0.1111759 0.1117948 0.1120325 0.1113277 0.1123568 0.1114104 0.1126478 0.1130226 0.1119968 0.1123260 0.1129459 0.1123258 0.1142110 0.1107894 0.1107885 0.0000000 0.0003321 0.0002214 0.0006664 0.0001660 0.1087219 0.1089258 0.1103745 0.1105946 0.1088240 0.1120713 0.1098080 0.1095450 0.1096332 0.1121511 0.1123506 0.1097974 0.1103301 0.1104221 0.1109160 0.1105243 0.1101035 0.1122910 0.1123392 0.1120117 0.1123173 0.1125095 0.1108436 0.1110892 0.1119026 0.1116208 0.1130927 0.0255369 0.1122589 0.1111151 0.1112236 0.1073614 0.1111102 0.1114159 0.1110234 0.1112068 0.1111151 0.1112021 0.1118924 0.1120044 0.1115485 0.1138425 0.1138425 0.1108279 0.1110764 0.1090935 
MK673559.1 0.1147064 0.1132203 0.1126858 0.1123997 0.1118261 0.1132975 0.1139663 0.1125877 0.0002214 0.1124425 0.1111374 0.1115538 0.1109966 0.1117961 0.1120338 0.1113289 0.1123581 0.1112310 0.1126491 0.1130239 0.1118173 0.1123272 0.1129472 0.1123271 0.1142123 0.1107907 0.1107898 0.0003321 0.0000000 0.0002214 0.0007778 0.0001660 0.1087232 0.1090168 0.1103758 0.1105958 0.1088252 0.1120726 0.1098092 0.1095462 0.1096345 0.1121524 0.1123519 0.1097986 0.1103314 0.1104233 0.1109173 0.1105256 0.1101047 0.1122923 0.1123405 0.1120130 0.1123186 0.1125108 0.1108448 0.1110904 0.1119038 0.1116221 0.1130940 0.0256659 0.1122601 0.1111164 0.1112249 0.1073626 0.1111115 0.1114172 0.1110247 0.1112081 0.1111164 0.1112033 0.1118937 0.1120057 0.1115498 0.1138438 0.1138438 0.1108292 0.1110777 0.1090947 
MK673560.1 0.1146843 0.1131986 0.1128454 0.1125593 0.1119856 0.1132757 0.1141264 0.1125661 0.0001107 0.1124210 0.1111160 0.1115324 0.1111558 0.1117746 0.1120122 0.1113075 0.1123365 0.1113902 0.1126275 0.1130022 0.1119766 0.1123057 0.1129256 0.1123055 0.1141904 0.1107692 0.1107684 0.0002214 0.0002214 0.0000000 0.0006663 0.0000553 0.1087022 0.1089958 0.1103545 0.1105745 0.1088043 0.1120511 0.1097881 0.1095251 0.1096134 0.1121309 0.1123303 0.1097775 0.1103101 0.1104021 0.1108957 0.1105043 0.1100835 0.1122707 0.1123189 0.1119915 0.1122969 0.1124892 0.1108235 0.1110691 0.1118823 0.1116006 0.1130723 0.0255327 0.1122386 0.1110950 0.1112035 0.1073414 0.1110901 0.1113957 0.1110033 0.1111867 0.1110950 0.1111819 0.1118722 0.1119841 0.1115283 0.1138220 0.1138220 0.1108078 0.1110563 0.1090737 
MK673562.1 0.1141049 0.1128062 0.1124534 0.1121675 0.1115945 0.1128833 0.1137316 0.1121746 0.0005551 0.1120298 0.1107266 0.1111422 0.1107659 0.1115648 0.1116215 0.1109177 0.1119455 0.1110000 0.1122359 0.1126102 0.1115859 0.1119145 0.1125338 0.1119143 0.1136136 0.1101962 0.1103794 0.0006664 0.0007778 0.0006663 0.0000000 0.0006107 0.1083159 0.1086092 0.1099662 0.1101859 0.1084179 0.1116603 0.1094006 0.1091379 0.1092261 0.1117400 0.1119391 0.1093895 0.1099216 0.1100135 0.1105009 0.1101156 0.1096954 0.1118797 0.1119279 0.1116009 0.1119040 0.1120978 0.1104343 0.1106794 0.1114917 0.1112106 0.1124992 0.0252710 0.1118478 0.1107057 0.1108140 0.1069474 0.1107008 0.1110060 0.1106142 0.1107973 0.1107057 0.1107925 0.1114817 0.1114107 0.1109551 0.1132473 0.1132473 0.1104188 0.1106668 0.1086869 
MK673563.1 0.1145928 0.1131079 0.1127549 0.1124688 0.1118952 0.1131851 0.1140354 0.1124756 0.0000553 0.1123306 0.1110260 0.1114422 0.1110657 0.1116844 0.1119219 0.1112174 0.1122462 0.1113000 0.1125370 0.1129117 0.1118863 0.1122153 0.1128350 0.1122151 0.1140994 0.1106786 0.1106785 0.0001660 0.0001660 0.0000553 0.0006107 0.0000000 0.1086128 0.1089064 0.1102647 0.1104847 0.1087149 0.1119608 0.1096985 0.1094356 0.1095238 0.1120405 0.1122399 0.1096877 0.1102203 0.1103122 0.1108044 0.1104144 0.1099938 0.1121803 0.1122286 0.1119012 0.1122061 0.1123988 0.1107335 0.1109790 0.1117921 0.1115105 0.1129818 0.0254689 0.1121483 0.1110050 0.1111135 0.1072502 0.1110001 0.1113056 0.1109134 0.1110967 0.1110050 0.1110919 0.1117819 0.1118935 0.1114377 0.1137312 0.1137312 0.1107179 0.1109663 0.1089842 
MK673564.1 0.0246992 0.0103493 0.0100143 0.0096539 0.0099596 0.0101840 0.0116228 0.0104132 0.1085248 0.0043764 0.0081771 0.0038147 0.0089591 0.0095228 0.0044399 0.0042654 0.0107673 0.0091296 0.0101755 0.0105900 0.0100619 0.0102346 0.0105302 0.0101783 0.0247059 0.0260605 0.0082997 0.1087219 0.1087232 0.1087022 0.1083159 0.1086128 0.0000000 0.0050080 0.0027336 0.0028471 0.0023409 0.0098167 0.0026787 0.0025101 0.0025663 0.0098159 0.0101790 0.0025694 0.0081872 0.0083581 0.0084786 0.0085344 0.0084786 0.0092949 0.0043755 0.0091205 0.0091647 0.0046636 0.0036401 0.0036419 0.0094741 0.0092370 0.0230691 0.1108881 0.0048284 0.0039777 0.0040349 0.0042018 0.0039775 0.0041488 0.0039209 0.0040345 0.0039777 0.0040342 0.0044336 0.0222044 0.0220503 0.0221877 0.0221877 0.0087102 0.0083656 0.0002214 
MK673565.1 0.0235968 0.0094763 0.0091303 0.0090799 0.0090762 0.0095381 0.0107266 0.0094126 0.1088183 0.0075464 0.0080028 0.0069764 0.0080810 0.0089966 0.0073824 0.0070836 0.0097647 0.0083680 0.0091764 0.0095884 0.0091761 0.0093546 0.0097043 0.0092957 0.0235457 0.0248212 0.0074246 0.1089258 0.1090168 0.1089958 0.1086092 0.1089064 0.0050080 0.0000000 0.0058656 0.0059825 0.0053513 0.0089367 0.0056967 0.0055249 0.0055822 0.0089360 0.0091796 0.0055890 0.0071415 0.0077788 0.0079499 0.0079545 0.0074890 0.0084176 0.0074276 0.0081273 0.0081666 0.0076081 0.0065635 0.0065669 0.0084200 0.0082432 0.0219214 0.1109186 0.0077717 0.0069057 0.0069645 0.0070936 0.0069054 0.0070809 0.0068478 0.0069637 0.0069057 0.0069633 0.0073717 0.0209885 0.0209625 0.0209760 0.0209760 0.0077195 0.0081914 0.0052383 
MK673566.1 0.0256519 0.0114699 0.0111347 0.0108899 0.0111991 0.0113047 0.0126313 0.0114133 0.1101763 0.0054584 0.0094004 0.0048949 0.0101915 0.0108738 0.0052950 0.0052320 0.0117693 0.0103626 0.0111742 0.0115910 0.0110604 0.0113548 0.0115308 0.0111773 0.0256548 0.0270220 0.0091718 0.1103745 0.1103758 0.1103545 0.1099662 0.1102647 0.0027336 0.0058656 0.0000000 0.0012222 0.0031836 0.0108130 0.0035232 0.0033539 0.0034104 0.0108122 0.0111780 0.0034145 0.0091758 0.0092305 0.0093048 0.0094078 0.0094687 0.0102891 0.0052278 0.0101139 0.0101631 0.0055179 0.0044895 0.0044918 0.0104696 0.0102310 0.0240093 0.1120131 0.0056824 0.0048281 0.0048857 0.0051346 0.0048279 0.0050003 0.0047711 0.0048852 0.0048281 0.0048849 0.0052864 0.0231442 0.0229909 0.0231243 0.0231243 0.0097013 0.0094725 0.0029591 
MK673567.1 0.0257907 0.0115927 0.0112574 0.0110122 0.0113218 0.0114275 0.0127555 0.0115361 0.1103962 0.0055758 0.0095209 0.0050118 0.0103132 0.0109959 0.0054114 0.0053491 0.0118924 0.0104844 0.0112967 0.0117139 0.0111828 0.0114775 0.0116537 0.0112998 0.0257930 0.0270983 0.0092922 0.1105946 0.1105958 0.1105745 0.1101859 0.1104847 0.0028471 0.0059825 0.0012222 0.0000000 0.0032975 0.0109351 0.0036375 0.0034680 0.0035246 0.0109342 0.0113005 0.0035288 0.0092962 0.0093510 0.0094862 0.0095285 0.0095895 0.0104106 0.0053439 0.0102353 0.0102851 0.0056354 0.0046049 0.0046072 0.0105914 0.0103525 0.0241455 0.1122342 0.0057999 0.0049437 0.0050014 0.0051952 0.0049435 0.0051161 0.0048866 0.0050009 0.0049437 0.0050006 0.0052870 0.0232800 0.0231267 0.0232596 0.0232596 0.0098223 0.0095932 0.0030729 
MK673568.1 0.0250800 0.0108820 0.0105468 0.0103031 0.0106107 0.0107167 0.0120386 0.0108254 0.1086268 0.0047183 0.0088190 0.0041560 0.0096062 0.0102879 0.0045536 0.0044925 0.0111804 0.0097771 0.0104689 0.0108841 0.0104735 0.0107671 0.0109427 0.0105901 0.0249577 0.0263156 0.0086484 0.1088240 0.1088252 0.1088043 0.1084179 0.1087149 0.0023409 0.0053513 0.0031836 0.0032975 0.0000000 0.0102273 0.0029036 0.0027348 0.0027911 0.0102265 0.0105908 0.0027945 0.0085945 0.0085905 0.0087144 0.0088836 0.0088865 0.0097046 0.0044890 0.0095298 0.0095761 0.0047773 0.0037532 0.0037551 0.0097672 0.0096466 0.0233201 0.1109940 0.0049421 0.0040909 0.0041482 0.0043764 0.0040907 0.0042622 0.0040341 0.0041477 0.0040909 0.0041475 0.0045471 0.0225811 0.0224273 0.0225631 0.0225631 0.0091186 0.0088901 0.0025659 
MK673570.1 0.0274070 0.0048325 0.0073641 0.0071421 0.0073676 0.0046635 0.0092991 0.0038621 0.1118719 0.0121356 0.0045460 0.0117295 0.0062122 0.0043746 0.0119015 0.0119586 0.0042021 0.0069029 0.0039181 0.0040320 0.0077657 0.0038057 0.0041447 0.0039205 0.0274624 0.0287209 0.0101675 0.1120713 0.1120726 0.1120511 0.1116603 0.1119608 0.0098167 0.0089367 0.0108130 0.0109351 0.0102273 0.0000000 0.0106420 0.0104654 0.0105244 0.0000010 0.0057423 0.0104781 0.0042033 0.0076511 0.0077601 0.0077107 0.0047718 0.0042020 0.0121913 0.0025087 0.0026335 0.0122621 0.0114188 0.0114247 0.0066044 0.0026208 0.0258023 0.1145571 0.0126564 0.0117677 0.0118287 0.0117860 0.0117670 0.0119490 0.0117080 0.0118273 0.0117677 0.0118267 0.0122488 0.0249988 0.0249064 0.0250361 0.0250361 0.0039752 0.0057471 0.0100532 
MK673571.1 0.0256670 0.0112402 0.0109632 0.0107186 0.0110274 0.0111332 0.0124590 0.0111836 0.1096102 0.0050598 0.0092300 0.0040439 0.0100203 0.0107028 0.0048952 0.0048337 0.0115977 0.0101914 0.0109447 0.0113612 0.0108892 0.0111252 0.0113594 0.0109477 0.0256058 0.0269730 0.0090015 0.1098080 0.1098092 0.1097881 0.1094006 0.1096985 0.0026787 0.0056967 0.0035232 0.0036375 0.0029036 0.0106420 0.0000000 0.0001660 0.0001107 0.0106412 0.0110067 0.0001108 0.0090054 0.0090011 0.0090721 0.0091782 0.0092981 0.0101182 0.0049456 0.0099430 0.0099914 0.0051191 0.0040929 0.0040950 0.0102986 0.0100601 0.0239599 0.1117531 0.0052837 0.0044310 0.0044885 0.0047847 0.0044308 0.0046027 0.0043741 0.0044880 0.0044310 0.0044877 0.0048882 0.0230944 0.0229410 0.0230746 0.0230746 0.0095307 0.0093018 0.0029043 
MK673573.1 0.0254743 0.0110629 0.0107859 0.0105416 0.0108500 0.0109559 0.0122802 0.0110064 0.1093473 0.0048889 0.0090548 0.0038736 0.0098439 0.0105261 0.0047242 0.0046629 0.0114201 0.0100149 0.0107677 0.0111838 0.0107121 0.0109479 0.0111820 0.0107707 0.0254140 0.0267786 0.0088264 0.1095450 0.1095462 0.1095251 0.1091379 0.1094356 0.0025101 0.0055249 0.0033539 0.0034680 0.0027348 0.0104654 0.0001660 0.0000000 0.0000553 0.0104646 0.0108296 0.0000554 0.0088302 0.0088260 0.0088944 0.0090029 0.0091227 0.0099420 0.0047748 0.0097670 0.0098145 0.0049480 0.0039229 0.0039248 0.0101221 0.0098839 0.0237699 0.1114889 0.0051127 0.0042608 0.0043181 0.0046095 0.0042606 0.0044323 0.0042039 0.0043177 0.0042608 0.0043174 0.0047175 0.0229046 0.0227510 0.0228855 0.0228855 0.0093550 0.0091263 0.0027354 
MK673574.1 0.0255388 0.0111221 0.0108451 0.0106007 0.0109092 0.0110151 0.0123399 0.0110656 0.1094356 0.0049459 0.0091133 0.0039304 0.0099028 0.0105851 0.0047812 0.0047199 0.0114794 0.0100738 0.0108268 0.0112430 0.0107712 0.0110071 0.0112412 0.0108298 0.0254782 0.0268437 0.0088848 0.1096332 0.1096345 0.1096134 0.1092261 0.1095238 0.0025663 0.0055822 0.0034104 0.0035246 0.0027911 0.0105244 0.0001107 0.0000553 0.0000000 0.0105235 0.0108887 0.0000010 0.0088887 0.0088844 0.0089537 0.0090614 0.0091813 0.0100008 0.0048317 0.0098257 0.0098735 0.0050050 0.0039796 0.0039816 0.0101811 0.0099427 0.0238335 0.1115775 0.0051697 0.0043176 0.0043749 0.0046679 0.0043173 0.0044891 0.0042607 0.0043745 0.0043176 0.0043742 0.0047744 0.0229681 0.0228146 0.0229488 0.0229488 0.0094137 0.0091849 0.0027917 
MK673575.1 0.0274697 0.0048321 0.0073635 0.0071416 0.0073670 0.0047200 0.0092984 0.0038618 0.1119517 0.0121347 0.0045456 0.0117286 0.0062118 0.0043743 0.0119005 0.0119576 0.0042018 0.0069024 0.0039178 0.0040317 0.0077650 0.0038054 0.0041444 0.0039202 0.0274624 0.0287840 0.0101667 0.1121511 0.1121524 0.1121309 0.1117400 0.1120405 0.0098159 0.0089360 0.0108122 0.0109342 0.0102265 0.0000010 0.0106412 0.0104646 0.0105235 0.0000000 0.0057419 0.0104772 0.0042030 0.0076505 0.0077595 0.0077101 0.0047714 0.0042017 0.0121903 0.0025085 0.0026333 0.0122612 0.0114179 0.0114238 0.0066039 0.0026206 0.0258001 0.1146373 0.0126554 0.0117667 0.0118278 0.0117851 0.0117661 0.0119481 0.0117071 0.0118264 0.0117667 0.0118258 0.0122478 0.0249968 0.0249044 0.0250341 0.0250341 0.0039749 0.0057467 0.0100524 
MK673576.1 0.0275083 0.0066101 0.0075401 0.0075521 0.0076014 0.0066703 0.0097127 0.0062050 0.1121510 0.0124508 0.0063206 0.0120980 0.0065018 0.0066660 0.0123350 0.0125111 0.0066046 0.0071411 0.0061437 0.0064319 0.0080580 0.0061479 0.0064312 0.0062075 0.0277062 0.0289658 0.0104132 0.1123506 0.1123519 0.1123303 0.1119391 0.1122399 0.0101790 0.0091796 0.0111780 0.0113005 0.0105908 0.0057423 0.0110067 0.0108296 0.0108887 0.0057419 0.0000000 0.0108427 0.0035810 0.0080068 0.0080632 0.0080666 0.0048868 0.0051127 0.0125066 0.0048856 0.0049662 0.0125779 0.0118503 0.0118565 0.0067792 0.0049992 0.0259639 0.1152459 0.0130919 0.0122002 0.0122615 0.0122273 0.0121995 0.0123823 0.0121403 0.0122601 0.0122002 0.0122594 0.0126832 0.0252988 0.0251424 0.0252713 0.0252713 0.0044297 0.0041486 0.0104162 
MK673577.1 0.0255718 0.0110763 0.0108585 0.0106138 0.0109227 0.0109692 0.0123552 0.0110197 0.1095994 0.0048947 0.0090657 0.0039351 0.0099150 0.0104801 0.0047870 0.0047256 0.0114340 0.0100862 0.0107807 0.0111973 0.0107845 0.0109612 0.0111956 0.0107837 0.0255110 0.0268786 0.0088957 0.1097974 0.1097986 0.1097775 0.1093895 0.1096877 0.0025694 0.0055890 0.0034145 0.0035288 0.0027945 0.0104781 0.0001108 0.0000554 0.0000010 0.0104772 0.0108427 0.0000000 0.0088408 0.0087781 0.0088459 0.0089552 0.0091337 0.0099540 0.0047804 0.0097788 0.0098264 0.0049539 0.0039844 0.0039864 0.0101344 0.0098959 0.0238640 0.1117448 0.0051760 0.0043228 0.0043802 0.0046737 0.0043226 0.0044946 0.0042658 0.0043798 0.0043228 0.0043795 0.0047232 0.0229976 0.0228439 0.0229781 0.0229781 0.0093663 0.0091373 0.0027951 
MK673578.1 0.0256145 0.0050615 0.0059830 0.0059925 0.0060430 0.0051206 0.0081341 0.0047156 0.1101318 0.0104849 0.0047751 0.0099633 0.0049525 0.0051173 0.0103698 0.0105443 0.0050574 0.0055862 0.0046010 0.0048863 0.0064970 0.0046590 0.0049996 0.0047174 0.0258092 0.0271786 0.0085358 0.1103301 0.1103314 0.1103101 0.1099216 0.1102203 0.0081872 0.0071415 0.0091758 0.0092962 0.0085945 0.0042033 0.0090054 0.0088302 0.0088887 0.0042030 0.0035810 0.0088408 0.0000000 0.0062144 0.0063620 0.0062733 0.0033556 0.0035802 0.0105406 0.0033548 0.0034844 0.0106094 0.0098917 0.0098968 0.0052299 0.0034676 0.0240343 0.1133425 0.0111210 0.0102388 0.0102991 0.0103952 0.0102382 0.0104183 0.0101796 0.0102979 0.0102388 0.0102974 0.0107155 0.0232946 0.0231372 0.0232741 0.0232741 0.0029031 0.0036406 0.0084214 
MK673579.1 0.0256067 0.0084751 0.0083684 0.0082553 0.0084305 0.0085986 0.0103165 0.0083549 0.1102238 0.0107118 0.0077739 0.0101356 0.0073236 0.0082995 0.0104246 0.0105991 0.0085884 0.0078419 0.0082370 0.0085296 0.0086526 0.0082972 0.0085286 0.0082388 0.0255457 0.0267734 0.0088865 0.1104221 0.1104233 0.1104021 0.1100135 0.1103122 0.0083581 0.0077788 0.0092305 0.0093510 0.0085905 0.0076511 0.0090011 0.0088260 0.0088844 0.0076505 0.0080068 0.0087781 0.0062144 0.0000000 0.0001122 0.0011666 0.0063866 0.0070204 0.0107079 0.0069624 0.0069377 0.0107769 0.0099465 0.0099516 0.0076015 0.0070775 0.0237738 0.1130462 0.0111758 0.0102935 0.0103539 0.0102694 0.0102930 0.0104731 0.0102344 0.0103527 0.0102935 0.0103521 0.0106519 0.0230343 0.0228768 0.0230148 0.0230148 0.0065577 0.0074286 0.0085925 
MK673580.1 0.0258669 0.0086567 0.0083123 0.0082566 0.0084934 0.0087229 0.0104069 0.0085346 0.1107146 0.0108674 0.0078859 0.0102233 0.0073705 0.0084785 0.0105160 0.0106931 0.0087125 0.0077782 0.0084149 0.0087119 0.0087187 0.0084761 0.0087109 0.0084167 0.0257386 0.0269863 0.0090151 0.1109160 0.1109173 0.1108957 0.1105009 0.1108044 0.0084786 0.0079499 0.0093048 0.0094862 0.0087144 0.0077601 0.0090721 0.0088944 0.0089537 0.0077595 0.0080632 0.0088459 0.0063620 0.0001122 0.0000000 0.0012396 0.0065367 0.0071800 0.0108634 0.0071211 0.0070897 0.0109335 0.0100907 0.0100960 0.0076523 0.0072380 0.0239396 0.1133063 0.0113382 0.0104428 0.0105041 0.0104222 0.0104422 0.0106251 0.0103827 0.0105028 0.0104428 0.0105023 0.0108065 0.0232542 0.0230945 0.0232335 0.0232335 0.0067103 0.0075354 0.0087164 
MK673581.1 0.0256749 0.0085352 0.0084286 0.0083154 0.0084907 0.0085424 0.0103777 0.0084149 0.1103259 0.0108910 0.0078336 0.0103144 0.0073832 0.0083595 0.0106036 0.0107783 0.0085317 0.0079018 0.0082970 0.0085897 0.0087129 0.0083572 0.0085887 0.0082987 0.0256136 0.0269114 0.0090635 0.1105243 0.1105256 0.1105043 0.1101156 0.1104144 0.0085344 0.0079545 0.0094078 0.0095285 0.0088836 0.0077107 0.0091782 0.0090029 0.0090614 0.0077101 0.0080666 0.0089552 0.0062733 0.0011666 0.0012396 0.0000000 0.0063302 0.0070211 0.0108871 0.0070216 0.0069973 0.0109562 0.0100068 0.0101301 0.0076612 0.0071368 0.0238407 0.1129714 0.0112366 0.0103540 0.0104144 0.0104539 0.0103534 0.0105336 0.0102948 0.0104132 0.0103540 0.0104126 0.0107125 0.0231012 0.0229436 0.0230814 0.0230814 0.0066167 0.0074882 0.0087691 
MK673582.1 0.0256156 0.0055201 0.0058068 0.0058763 0.0059269 0.0056940 0.0080161 0.0052858 0.1099054 0.0106618 0.0052317 0.0103759 0.0048374 0.0056903 0.0106652 0.0108399 0.0053997 0.0054704 0.0051707 0.0054571 0.0063807 0.0052290 0.0055706 0.0052878 0.0256154 0.0269132 0.0085938 0.1101035 0.1101047 0.1100835 0.1096954 0.1099938 0.0084786 0.0074890 0.0094687 0.0095895 0.0088865 0.0047718 0.0092981 0.0091227 0.0091813 0.0047714 0.0048868 0.0091337 0.0033556 0.0063866 0.0065367 0.0063302 0.0000000 0.0041465 0.0107176 0.0039205 0.0038254 0.0109052 0.0100681 0.0101914 0.0051147 0.0040336 0.0239703 0.1129324 0.0112984 0.0104154 0.0104758 0.0105186 0.0104148 0.0105952 0.0103562 0.0104746 0.0104154 0.0104740 0.0108926 0.0232307 0.0230732 0.0232105 0.0232105 0.0034673 0.0047766 0.0087132 
MK673583.1 0.0266599 0.0054022 0.0067864 0.0067971 0.0068470 0.0053480 0.0088312 0.0048277 0.1120915 0.0116077 0.0050011 0.0112021 0.0057526 0.0053437 0.0112543 0.0114295 0.0051697 0.0063885 0.0047131 0.0049985 0.0071869 0.0047711 0.0051118 0.0048296 0.0268490 0.0280982 0.0096456 0.1122910 0.1122923 0.1122707 0.1118797 0.1121803 0.0092949 0.0084176 0.0102891 0.0104106 0.0097046 0.0042020 0.0101182 0.0099420 0.0100008 0.0042017 0.0051127 0.0099540 0.0035802 0.0070204 0.0071800 0.0070211 0.0041465 0.0000000 0.0116634 0.0034665 0.0035967 0.0117336 0.0107735 0.0107791 0.0059154 0.0035793 0.0250627 0.1149531 0.0120078 0.0111216 0.0111824 0.0109395 0.0111210 0.0113023 0.0110622 0.0111811 0.0111216 0.0111805 0.0116010 0.0243227 0.0241658 0.0242986 0.0242986 0.0033531 0.0051168 0.0095307 
