78
PV640869.1 0.0000000 0.0279324 0.0277531 0.0276512 0.0273686 0.0278766 0.0296570 0.0278395 0.1143432 0.0272176 0.0264165 0.0266034 0.0264761 0.0272656 0.0271295 0.0267071 0.0282575 0.0267854 0.0278332 0.0281685 0.0279700 0.0279127 0.0283588 0.0278484 0.0077232 0.0083139 0.0253759 0.1143517 0.1143530 0.1143311 0.1137550 0.1142402 0.0246737 0.0235781 0.0256205 0.0257584 0.0250522 0.0273641 0.0256355 0.0254440 0.0255133 0.0274263 0.0274651 0.0255409 0.0255832 0.0255752 0.0258335 0.0256430 0.0255843 0.0266303 0.0271164 0.0263522 0.0263195 0.0274296 0.0262339 0.0263871 0.0269741 0.0266723 0.0065065 0.1166707 0.0275634 0.0266031 0.0266714 0.0258774 0.0266016 0.0268039 0.0265380 0.0266682 0.0266031 0.0266667 0.0271322 0.0056559 0.0056172 0.0056350 0.0056350 0.0260910 0.0262950 0.0249328 
PX130164.1 0.0279324 0.0000000 0.0073407 0.0071144 0.0075773 0.0053932 0.0099396 0.0021163 0.1128383 0.0126676 0.0047753 0.0122610 0.0064421 0.0049466 0.0124985 0.0123696 0.0046604 0.0071963 0.0033531 0.0033534 0.0082838 0.0020039 0.0045997 0.0022294 0.0280522 0.0293123 0.0106751 0.1130377 0.1130389 0.1130174 0.1126267 0.1129271 0.0103131 0.0094436 0.0114295 0.0115518 0.0109027 0.0048164 0.0112007 0.0110241 0.0110831 0.0048160 0.0065878 0.0110374 0.0050447 0.0084458 0.0086264 0.0085057 0.0055016 0.0053842 0.0128683 0.0039672 0.0041025 0.0129406 0.0120362 0.0120425 0.0071696 0.0031778 0.0263884 0.1152599 0.0131549 0.0123848 0.0124459 0.0121131 0.0123841 0.0125664 0.0123251 0.0124445 0.0123848 0.0124438 0.0128663 0.0254570 0.0254601 0.0255574 0.0256141 0.0048157 0.0065932 0.0105495 
PX130165.1 0.0277531 0.0073407 0.0000000 0.0032950 0.0035183 0.0078671 0.0063888 0.0074129 0.1124790 0.0123865 0.0075376 0.0119255 0.0026812 0.0080593 0.0124009 0.0123908 0.0080526 0.0030779 0.0075272 0.0078179 0.0046586 0.0073540 0.0079326 0.0074164 0.0277351 0.0289914 0.0102734 0.1126708 0.1124915 0.1126506 0.1122604 0.1125604 0.0099784 0.0090978 0.0110945 0.0112166 0.0105678 0.0073382 0.0109236 0.0107470 0.0108060 0.0073376 0.0075136 0.0108193 0.0059622 0.0083387 0.0082824 0.0083986 0.0057866 0.0067626 0.0125864 0.0064762 0.0064547 0.0128429 0.0118188 0.0118256 0.0065979 0.0065906 0.0259452 0.1153234 0.0129379 0.0121676 0.0122287 0.0120729 0.0121669 0.0123492 0.0121079 0.0122273 0.0121676 0.0122267 0.0126491 0.0250780 0.0250160 0.0251157 0.0251725 0.0061316 0.0074041 0.0102147 
PX130166.1 0.0276512 0.0071144 0.0032950 0.0000000 0.0030692 0.0078813 0.0066313 0.0076585 0.1121274 0.0122042 0.0075496 0.0115593 0.0020077 0.0080722 0.0117813 0.0119043 0.0081275 0.0018949 0.0076569 0.0079483 0.0048959 0.0074833 0.0080633 0.0076003 0.0277760 0.0291017 0.0102801 0.1123263 0.1121471 0.1123061 0.1119162 0.1122160 0.0096211 0.0090495 0.0108526 0.0109744 0.0103267 0.0071186 0.0106819 0.0105056 0.0105645 0.0071181 0.0075271 0.0105775 0.0059730 0.0082276 0.0082285 0.0082875 0.0058571 0.0067748 0.0122877 0.0064879 0.0064074 0.0124240 0.0114566 0.0114625 0.0066098 0.0066025 0.0260457 0.1149577 0.0125733 0.0118048 0.0118657 0.0117616 0.0118041 0.0119858 0.0117452 0.0118643 0.0118048 0.0118637 0.0122850 0.0252422 0.0251805 0.0252149 0.0252718 0.0060852 0.0074174 0.0098567 
PV132706.1 0.0273686 0.0075773 0.0035183 0.0030692 0.0000000 0.0075766 0.0064492 0.0077616 0.1116219 0.0123976 0.0075411 0.0119905 0.0018368 0.0080631 0.0120932 0.0122166 0.0081184 0.0022306 0.0075842 0.0079367 0.0047172 0.0075884 0.0080502 0.0077067 0.0274286 0.0286832 0.0102700 0.1117733 0.1115944 0.1117532 0.1113641 0.1116632 0.0099209 0.0090411 0.0111552 0.0112774 0.0106282 0.0073395 0.0109843 0.0108076 0.0108666 0.0073389 0.0075724 0.0108800 0.0060202 0.0083980 0.0084602 0.0084580 0.0059046 0.0068210 0.0125939 0.0064773 0.0064577 0.0126659 0.0117609 0.0117712 0.0065416 0.0065917 0.0257043 0.1141525 0.0128799 0.0121097 0.0121708 0.0120150 0.0121090 0.0122912 0.0120500 0.0121694 0.0121097 0.0121688 0.0125911 0.0249015 0.0248391 0.0248754 0.0249322 0.0061898 0.0074629 0.0101572 
PV132707.1 0.0278766 0.0053932 0.0078671 0.0078813 0.0075766 0.0000000 0.0100620 0.0050571 0.1129065 0.0124423 0.0052316 0.0120960 0.0066196 0.0052899 0.0126957 0.0125664 0.0054616 0.0074908 0.0050542 0.0052848 0.0085207 0.0048282 0.0053992 0.0048277 0.0281277 0.0293918 0.0107362 0.1130985 0.1130998 0.1130782 0.1126876 0.1129879 0.0101475 0.0095041 0.0112639 0.0113861 0.0107371 0.0046475 0.0110931 0.0109164 0.0109754 0.0047038 0.0066470 0.0109296 0.0051029 0.0085680 0.0086915 0.0085120 0.0056742 0.0053286 0.0126421 0.0027289 0.0028570 0.0127141 0.0119886 0.0119954 0.0071717 0.0039680 0.0264612 0.1157829 0.0131664 0.0123374 0.0123985 0.0121862 0.0123367 0.0125190 0.0122777 0.0123971 0.0123374 0.0123964 0.0128191 0.0255951 0.0254644 0.0256297 0.0256865 0.0049307 0.0066525 0.0103839 
PQ368168.1 0.0296570 0.0099396 0.0063888 0.0066313 0.0064492 0.0100620 0.0000000 0.0095223 0.1140530 0.0140849 0.0088842 0.0135545 0.0055897 0.0094065 0.0139134 0.0138991 0.0100578 0.0059960 0.0095786 0.0098735 0.0017812 0.0095818 0.0098724 0.0095229 0.0297852 0.0310730 0.0119014 0.1142461 0.1140657 0.1142256 0.1138325 0.1141348 0.0116059 0.0107113 0.0126127 0.0127368 0.0120806 0.0092860 0.0124408 0.0122622 0.0123219 0.0092852 0.0096988 0.0123372 0.0081228 0.0103016 0.0103917 0.0103627 0.0080049 0.0088188 0.0141892 0.0085277 0.0085172 0.0142627 0.0133469 0.0133546 0.0088219 0.0085275 0.0279678 0.1161917 0.0144771 0.0136987 0.0137607 0.0134565 0.0136979 0.0138826 0.0136383 0.0137591 0.0136987 0.0137583 0.0141253 0.0271621 0.0271419 0.0271279 0.0271849 0.0082942 0.0092321 0.0118453 
PQ368169.1 0.0278395 0.0021163 0.0074129 0.0076585 0.0077616 0.0050571 0.0095223 0.0000000 0.1124954 0.0127334 0.0042607 0.0123266 0.0066125 0.0039765 0.0125608 0.0125557 0.0035786 0.0073673 0.0022806 0.0022813 0.0081035 0.0004423 0.0035158 0.0005530 0.0278131 0.0290778 0.0105096 0.1125679 0.1125692 0.1125477 0.1121573 0.1124575 0.0103892 0.0093912 0.0113868 0.0115092 0.0108594 0.0038538 0.0111578 0.0109809 0.0110400 0.0038535 0.0061914 0.0109942 0.0047054 0.0083360 0.0085150 0.0083959 0.0052743 0.0048173 0.0128271 0.0030090 0.0031415 0.0128986 0.0119942 0.0120046 0.0069932 0.0021121 0.0262157 0.1147942 0.0131140 0.0123431 0.0124043 0.0121941 0.0123425 0.0125249 0.0122834 0.0124029 0.0123431 0.0124022 0.0128251 0.0252838 0.0251886 0.0253848 0.0254416 0.0045337 0.0062510 0.0106261 
PQ463988.1 0.1143432 0.1128383 0.1124790 0.1121274 0.1116219 0.1129065 0.1140530 0.1124954 0.0000000 0.1120920 0.1107885 0.1112062 0.1108292 0.1114457 0.1116855 0.1109815 0.1120064 0.1110624 0.1125566 0.1129310 0.1119078 0.1122355 0.1128542 0.1122357 0.1139446 0.1105423 0.1103348 0.0001103 0.0002206 0.0001103 0.0005531 0.0000552 0.1082819 0.1085730 0.1099252 0.1101439 0.1083843 0.1116088 0.1093615 0.1091000 0.1091878 0.1116881 0.1118876 0.1093506 0.1098785 0.1099710 0.1104579 0.1100730 0.1096535 0.1118283 0.1119644 0.1115508 0.1115922 0.1121429 0.1103911 0.1106353 0.1117200 0.1111620 0.1128326 0.0253667 0.1117981 0.1106612 0.1107689 0.1069209 0.1106563 0.1109602 0.1105700 0.1107524 0.1106612 0.1107476 0.1114336 0.1116575 0.1114298 0.1134861 0.1134861 0.1104650 0.1106209 0.1086514 
PP981664.1 0.0272176 0.0126676 0.0123865 0.0122042 0.0123976 0.0124423 0.0140849 0.0127334 0.1120920 0.0000000 0.0104653 0.0059870 0.0113826 0.0119486 0.0058685 0.0056328 0.0129135 0.0114351 0.0124922 0.0129125 0.0124976 0.0125522 0.0126741 0.0124353 0.0269565 0.0282118 0.0107637 0.1122913 0.1122925 0.1122710 0.1118806 0.1121808 0.0043740 0.0075419 0.0054553 0.0055726 0.0047727 0.0121273 0.0050570 0.0048862 0.0049432 0.0121264 0.0124425 0.0048920 0.0104782 0.0107044 0.0108598 0.0108834 0.0106550 0.0116000 0.0024519 0.0113048 0.0113600 0.0022850 0.0048876 0.0048900 0.0117824 0.0115416 0.0253647 0.1134377 0.0061983 0.0053406 0.0053984 0.0056030 0.0053403 0.0055143 0.0052834 0.0053978 0.0053406 0.0053975 0.0058014 0.0244968 0.0242723 0.0244720 0.0245289 0.0110076 0.0108863 0.0046020 
PP981665.1 0.0264165 0.0047753 0.0075376 0.0075496 0.0075411 0.0052316 0.0088842 0.0042607 0.1107885 0.0104653 0.0000000 0.0100621 0.0064997 0.0036342 0.0110107 0.0100559 0.0038063 0.0070230 0.0040899 0.0044310 0.0074714 0.0040898 0.0036361 0.0042043 0.0264776 0.0277850 0.0095740 0.1109869 0.1109881 0.1109668 0.1105782 0.1108770 0.0081723 0.0079981 0.0093946 0.0095150 0.0088720 0.0045435 0.0092243 0.0090492 0.0091077 0.0045431 0.0063169 0.0090602 0.0047725 0.0077691 0.0078810 0.0078288 0.0052288 0.0049984 0.0108170 0.0036935 0.0038249 0.0110038 0.0101103 0.0101155 0.0068938 0.0027907 0.0248269 0.1136364 0.0112209 0.0104570 0.0105173 0.0102602 0.0104564 0.0106365 0.0103979 0.0105161 0.0104570 0.0105156 0.0109335 0.0240246 0.0239956 0.0240651 0.0241219 0.0046569 0.0058591 0.0084060 
PP981667.1 0.0266034 0.0122610 0.0119255 0.0115593 0.0119905 0.0120960 0.0135545 0.0123266 0.1112062 0.0059870 0.0100621 0.0000000 0.0109771 0.0115432 0.0063432 0.0061059 0.0126849 0.0111486 0.0120857 0.0125054 0.0119715 0.0121457 0.0124448 0.0120891 0.0267991 0.0281842 0.0100107 0.1114050 0.1114062 0.1113848 0.1109954 0.1112948 0.0038127 0.0069725 0.0048923 0.0050081 0.0042106 0.0117216 0.0040418 0.0038716 0.0039283 0.0117207 0.0120899 0.0039331 0.0099571 0.0101289 0.0102165 0.0103076 0.0103693 0.0111948 0.0059858 0.0110186 0.0110725 0.0062208 0.0054719 0.0054746 0.0113768 0.0111364 0.0249598 0.1131350 0.0066736 0.0058126 0.0058708 0.0060882 0.0058123 0.0059864 0.0057551 0.0058701 0.0058126 0.0058698 0.0062751 0.0242733 0.0240486 0.0242493 0.0243063 0.0106033 0.0104942 0.0040402 
PP981668.1 0.0264761 0.0064421 0.0026812 0.0020077 0.0018368 0.0066196 0.0055897 0.0066125 0.1108292 0.0113826 0.0064997 0.0109771 0.0000000 0.0067854 0.0110804 0.0112028 0.0069586 0.0015020 0.0066112 0.0067854 0.0038676 0.0064387 0.0068997 0.0066152 0.0265387 0.0278497 0.0093027 0.1110279 0.1108488 0.1110078 0.1106186 0.1109178 0.0089536 0.0080762 0.0101850 0.0103066 0.0096590 0.0062087 0.0100140 0.0098377 0.0098965 0.0062082 0.0064980 0.0099087 0.0049498 0.0073192 0.0073660 0.0073788 0.0048348 0.0057494 0.0115600 0.0053494 0.0053177 0.0116301 0.0107881 0.0107937 0.0054079 0.0054635 0.0247557 0.1135673 0.0119052 0.0111366 0.0111974 0.0110751 0.0111360 0.0113175 0.0110771 0.0111962 0.0111366 0.0111956 0.0116165 0.0240156 0.0239236 0.0239926 0.0240495 0.0050619 0.0062727 0.0091891 
PP981669.1 0.0272656 0.0049466 0.0080593 0.0080722 0.0080631 0.0052899 0.0094065 0.0039765 0.1114457 0.0119486 0.0036342 0.0115432 0.0067854 0.0000000 0.0125007 0.0120118 0.0040900 0.0075436 0.0039192 0.0041466 0.0081081 0.0038060 0.0039194 0.0039203 0.0273230 0.0285766 0.0101043 0.1116445 0.1116457 0.1116243 0.1114150 0.1115343 0.0095169 0.0089911 0.0108668 0.0109888 0.0103402 0.0043723 0.0106959 0.0105193 0.0105783 0.0043720 0.0066621 0.0104734 0.0051145 0.0082943 0.0084731 0.0083543 0.0056871 0.0053407 0.0122446 0.0035233 0.0036537 0.0123154 0.0115904 0.0115964 0.0074130 0.0027342 0.0256637 0.1145677 0.0127092 0.0119392 0.0120003 0.0115956 0.0119386 0.0121206 0.0118796 0.0119989 0.0119392 0.0119983 0.0124204 0.0247975 0.0248328 0.0248986 0.0249554 0.0049986 0.0063186 0.0097527 
PP981670.1 0.0271295 0.0124985 0.0124009 0.0117813 0.0120932 0.0126957 0.0139134 0.0125608 0.1116855 0.0058685 0.0110107 0.0063432 0.0110804 0.0125007 0.0000000 0.0012233 0.0130386 0.0112518 0.0124385 0.0128589 0.0123268 0.0125020 0.0127981 0.0123231 0.0271262 0.0285160 0.0107807 0.1118846 0.1118858 0.1118644 0.1114743 0.1117742 0.0044953 0.0074375 0.0053503 0.0054667 0.0046659 0.0119551 0.0049505 0.0047795 0.0048366 0.0119542 0.0123888 0.0048424 0.0104241 0.0104785 0.0105708 0.0106575 0.0107194 0.0113083 0.0056387 0.0113697 0.0114253 0.0058134 0.0022892 0.0022903 0.0117286 0.0114877 0.0253368 0.1134846 0.0034704 0.0026252 0.0026818 0.0028695 0.0026250 0.0027948 0.0025688 0.0026815 0.0026252 0.0026814 0.0030773 0.0245965 0.0243760 0.0245714 0.0246970 0.0109537 0.0107238 0.0047237 
PP981671.1 0.0267071 0.0123696 0.0123908 0.0119043 0.0122166 0.0125664 0.0138991 0.0125557 0.1109815 0.0056328 0.0100559 0.0061059 0.0112028 0.0120118 0.0012233 0.0000000 0.0125548 0.0113743 0.0124334 0.0128537 0.0123141 0.0124969 0.0123151 0.0123181 0.0267695 0.0281529 0.0104110 0.1111801 0.1111814 0.1111600 0.1107709 0.1110701 0.0042632 0.0070795 0.0052291 0.0053461 0.0045470 0.0119503 0.0048311 0.0046604 0.0047173 0.0119493 0.0125026 0.0047230 0.0105374 0.0105918 0.0106857 0.0107708 0.0108328 0.0114218 0.0054033 0.0113651 0.0114206 0.0055774 0.0021743 0.0021754 0.0117822 0.0112453 0.0249856 0.1126860 0.0033536 0.0025098 0.0025664 0.0025776 0.0025097 0.0026791 0.0024536 0.0025661 0.0025098 0.0025659 0.0029611 0.0242462 0.0241573 0.0242223 0.0242792 0.0110671 0.0108372 0.0044911 
PP981673.1 0.0282575 0.0046604 0.0080526 0.0081275 0.0081184 0.0054616 0.0100578 0.0035786 0.1120064 0.0129135 0.0038063 0.0126849 0.0069586 0.0040900 0.0130386 0.0125548 0.0000000 0.0077151 0.0037477 0.0036349 0.0086332 0.0036354 0.0023948 0.0037500 0.0281157 0.0294459 0.0108772 0.1122056 0.1122068 0.1121853 0.1117950 0.1120951 0.0107603 0.0097585 0.0117614 0.0118844 0.0112322 0.0041999 0.0115900 0.0114125 0.0114718 0.0041995 0.0066008 0.0114264 0.0050547 0.0085830 0.0087070 0.0085263 0.0053968 0.0051668 0.0129693 0.0033521 0.0034816 0.0131612 0.0123706 0.0124966 0.0073510 0.0021154 0.0264478 0.1149579 0.0134942 0.0127206 0.0127821 0.0126426 0.0127199 0.0129031 0.0126606 0.0127806 0.0127206 0.0127799 0.0132045 0.0256441 0.0254847 0.0256795 0.0257363 0.0048252 0.0066062 0.0109981 
PP981674.1 0.0267854 0.0071963 0.0030779 0.0018949 0.0022306 0.0074908 0.0059960 0.0073673 0.1110624 0.0114351 0.0070230 0.0111486 0.0015020 0.0075436 0.0112518 0.0113743 0.0077151 0.0000000 0.0071345 0.0075410 0.0042678 0.0071925 0.0076558 0.0073703 0.0267217 0.0280347 0.0097077 0.1112612 0.1110820 0.1112411 0.1108516 0.1111510 0.0091239 0.0083628 0.0103558 0.0104775 0.0098296 0.0068989 0.0101848 0.0100084 0.0100673 0.0068983 0.0071370 0.0100797 0.0055831 0.0078371 0.0077734 0.0078969 0.0054674 0.0063849 0.0117316 0.0059830 0.0058965 0.0118019 0.0109594 0.0109651 0.0061570 0.0062126 0.0250611 0.1138927 0.0120769 0.0113080 0.0113688 0.0113138 0.0113073 0.0114889 0.0112484 0.0113675 0.0113080 0.0113669 0.0117881 0.0243213 0.0242296 0.0242972 0.0243541 0.0056955 0.0069112 0.0093595 
PP981675.1 0.0278332 0.0033531 0.0075272 0.0076569 0.0075842 0.0050542 0.0095786 0.0022806 0.1125566 0.0124922 0.0040899 0.0120857 0.0066112 0.0039192 0.0124385 0.0124334 0.0037477 0.0071345 0.0000000 0.0016660 0.0081596 0.0022254 0.0036864 0.0022256 0.0278916 0.0292145 0.0103910 0.1127010 0.1127023 0.1126807 0.1122901 0.1125905 0.0101574 0.0091603 0.0111541 0.0112763 0.0105091 0.0039117 0.0109251 0.0107485 0.0108075 0.0039114 0.0061333 0.0107615 0.0045934 0.0082226 0.0084000 0.0082825 0.0051621 0.0047053 0.0125927 0.0030664 0.0031977 0.0126639 0.0118788 0.0118891 0.0068805 0.0022809 0.0262241 0.1152924 0.0129983 0.0122277 0.0122888 0.0120756 0.0122270 0.0124094 0.0121680 0.0122874 0.0122277 0.0122868 0.0127095 0.0252919 0.0251967 0.0253929 0.0254497 0.0044218 0.0061384 0.0103940 
PP981676.1 0.0281685 0.0033534 0.0078179 0.0079483 0.0079367 0.0052848 0.0098735 0.0022813 0.1129310 0.0129125 0.0044310 0.0125054 0.0067854 0.0041466 0.0128589 0.0128537 0.0036349 0.0075410 0.0016660 0.0000000 0.0084513 0.0023378 0.0036876 0.0024510 0.0283541 0.0294236 0.0108076 0.1131054 0.1131067 0.1130850 0.1126938 0.1129946 0.0105733 0.0095735 0.0115726 0.0116953 0.0109260 0.0040262 0.0113432 0.0111661 0.0112253 0.0040259 0.0064224 0.0111796 0.0048793 0.0085164 0.0086983 0.0085764 0.0054491 0.0049913 0.0130155 0.0031800 0.0033114 0.0130873 0.0122997 0.0123084 0.0071711 0.0022816 0.0266850 0.1155178 0.0134219 0.0126493 0.0127107 0.0124476 0.0126486 0.0128316 0.0125894 0.0127092 0.0126493 0.0127085 0.0131326 0.0257519 0.0256570 0.0258516 0.0259084 0.0047072 0.0064277 0.0108106 
PP981677.1 0.0279700 0.0082838 0.0046586 0.0048959 0.0047172 0.0085207 0.0017812 0.0081035 0.1119078 0.0124976 0.0074714 0.0119715 0.0038676 0.0081081 0.0123268 0.0123141 0.0086332 0.0042678 0.0081596 0.0084513 0.0000000 0.0081623 0.0084504 0.0081045 0.0280275 0.0292900 0.0103395 0.1120924 0.1119131 0.1120722 0.1116822 0.1119820 0.0100469 0.0091626 0.0110438 0.0111659 0.0105167 0.0077544 0.0108728 0.0106961 0.0107551 0.0077538 0.0080462 0.0107683 0.0064878 0.0086398 0.0087056 0.0087000 0.0063716 0.0071765 0.0126019 0.0070040 0.0069857 0.0126731 0.0117683 0.0117757 0.0070634 0.0071189 0.0262326 0.1142042 0.0128881 0.0121174 0.0121785 0.0118366 0.0121167 0.0122990 0.0120576 0.0121771 0.0121174 0.0121764 0.0125991 0.0254290 0.0254064 0.0254010 0.0254579 0.0066578 0.0075844 0.0102835 
PP981678.1 0.0279127 0.0020039 0.0073540 0.0074833 0.0075884 0.0048282 0.0095818 0.0004423 0.1122355 0.0125522 0.0040898 0.0121457 0.0064387 0.0038060 0.0125020 0.0124969 0.0036354 0.0071925 0.0022254 0.0023378 0.0081623 0.0000000 0.0035753 0.0004424 0.0279028 0.0291629 0.0105141 0.1124203 0.1124215 0.1124000 0.1120095 0.1123098 0.0102194 0.0093409 0.0113377 0.0114602 0.0108100 0.0038006 0.0111085 0.0109316 0.0109907 0.0038003 0.0061394 0.0109448 0.0046526 0.0082851 0.0084635 0.0083450 0.0052218 0.0047646 0.0127788 0.0029554 0.0030851 0.0128503 0.0119454 0.0119528 0.0069417 0.0021699 0.0263032 0.1147388 0.0130659 0.0122946 0.0123558 0.0121441 0.0122939 0.0124764 0.0122348 0.0123544 0.0122946 0.0123537 0.0127768 0.0253704 0.0252752 0.0254712 0.0255280 0.0044808 0.0061990 0.0104562 
PP981679.1 0.0283588 0.0045997 0.0079326 0.0080633 0.0080502 0.0053992 0.0098724 0.0035158 0.1128542 0.0126741 0.0036361 0.0124448 0.0068997 0.0039194 0.0127981 0.0123151 0.0023948 0.0076558 0.0036864 0.0036876 0.0084504 0.0035753 0.0000000 0.0036899 0.0283957 0.0297356 0.0107984 0.1129264 0.1129277 0.1129061 0.1125155 0.1128159 0.0105059 0.0096822 0.0115040 0.0116266 0.0109764 0.0041358 0.0113331 0.0111561 0.0112152 0.0041354 0.0064170 0.0111696 0.0049887 0.0085092 0.0086909 0.0085692 0.0055584 0.0051006 0.0128867 0.0032898 0.0034242 0.0129582 0.0122302 0.0122409 0.0072800 0.0019434 0.0267274 0.1156083 0.0133512 0.0125795 0.0126408 0.0123750 0.0125788 0.0127615 0.0125197 0.0126393 0.0125795 0.0126386 0.0130621 0.0258599 0.0256971 0.0258945 0.0259513 0.0048166 0.0065369 0.0107429 
PP981681.1 0.0278484 0.0022294 0.0074164 0.0076003 0.0077067 0.0048277 0.0095229 0.0005530 0.1122357 0.0124353 0.0042043 0.0120891 0.0066152 0.0039203 0.0123231 0.0123181 0.0037500 0.0073703 0.0022256 0.0024510 0.0081045 0.0004424 0.0036899 0.0000000 0.0279050 0.0291653 0.0104555 0.1124277 0.1124290 0.1124074 0.1120169 0.1123172 0.0101637 0.0092826 0.0111611 0.0112834 0.0106338 0.0039154 0.0109320 0.0107552 0.0108142 0.0039151 0.0061992 0.0107682 0.0047112 0.0082272 0.0084048 0.0082871 0.0052808 0.0048233 0.0125403 0.0030693 0.0031996 0.0127304 0.0117680 0.0117747 0.0070020 0.0022830 0.0262397 0.1147463 0.0128877 0.0121170 0.0121781 0.0119007 0.0121163 0.0122986 0.0120572 0.0121767 0.0121170 0.0121760 0.0125987 0.0253069 0.0252117 0.0254080 0.0254648 0.0045393 0.0061417 0.0104005 
OR820506.1 0.0077232 0.0280522 0.0277351 0.0277760 0.0274286 0.0281277 0.0297852 0.0278131 0.1139446 0.0269565 0.0264776 0.0267991 0.0265387 0.0273230 0.0271262 0.0267695 0.0281157 0.0267217 0.0278916 0.0283541 0.0280275 0.0279028 0.0283957 0.0279050 0.0000000 0.0016739 0.0255645 0.1137425 0.1137438 0.1137222 0.1131525 0.1136322 0.0247359 0.0235857 0.0256767 0.0258136 0.0249856 0.0275547 0.0256282 0.0254380 0.0254750 0.0274681 0.0277105 0.0255535 0.0258298 0.0255763 0.0257599 0.0256356 0.0256376 0.0268396 0.0270434 0.0264656 0.0264332 0.0274105 0.0262395 0.0264033 0.0269878 0.0267195 0.0033966 0.1161322 0.0275418 0.0265886 0.0265278 0.0259596 0.0265871 0.0267879 0.0265240 0.0266532 0.0265886 0.0266518 0.0271138 0.0047075 0.0046774 0.0047413 0.0046903 0.0263346 0.0267938 0.0249932 
OR820508.1 0.0083139 0.0293123 0.0289914 0.0291017 0.0286832 0.0293918 0.0310730 0.0290778 0.1105423 0.0282118 0.0277850 0.0281842 0.0278497 0.0285766 0.0285160 0.0281529 0.0294459 0.0280347 0.0292145 0.0294236 0.0292900 0.0291629 0.0297356 0.0291653 0.0016739 0.0000000 0.0269022 0.1104895 0.1104907 0.1104695 0.1099015 0.1103797 0.0261242 0.0248935 0.0270791 0.0271548 0.0263776 0.0287712 0.0270305 0.0268374 0.0268656 0.0288282 0.0290095 0.0269460 0.0272346 0.0268318 0.0270443 0.0269689 0.0269709 0.0281150 0.0283972 0.0278114 0.0277409 0.0286751 0.0276401 0.0277904 0.0282708 0.0280691 0.0050259 0.1133705 0.0289737 0.0280060 0.0279445 0.0276903 0.0280045 0.0282088 0.0279404 0.0280717 0.0280060 0.0280702 0.0285401 0.0063037 0.0060424 0.0063377 0.0062850 0.0276782 0.0280788 0.0263857 
MW535746.1 0.0253759 0.0106751 0.0102734 0.0102801 0.0102700 0.0107362 0.0119014 0.0105096 0.1103348 0.0107637 0.0095740 0.0100107 0.0093027 0.0101043 0.0107807 0.0104110 0.0108772 0.0097077 0.0103910 0.0108076 0.0103395 0.0105141 0.0107984 0.0104555 0.0255645 0.0269022 0.0000000 0.1101001 0.1101014 0.1100804 0.1096961 0.1099915 0.0082815 0.0074147 0.0091456 0.0092649 0.0086848 0.0101995 0.0089768 0.0088037 0.0088159 0.0101311 0.0103754 0.0088796 0.0085161 0.0088691 0.0089905 0.0090385 0.0085728 0.0095747 0.0107879 0.0093254 0.0094072 0.0107724 0.0098660 0.0098786 0.0097752 0.0094432 0.0238674 0.1125422 0.0110728 0.0101990 0.0102588 0.0103018 0.0101985 0.0103769 0.0101405 0.0102576 0.0101990 0.0102571 0.0106711 0.0228500 0.0226682 0.0229173 0.0229388 0.0089766 0.0095600 0.0085136 
MK673558.1 0.1143517 0.1130377 0.1126708 0.1123263 0.1117733 0.1130985 0.1142461 0.1125679 0.0001103 0.1122913 0.1109869 0.1114050 0.1110279 0.1116445 0.1118846 0.1111801 0.1122056 0.1112612 0.1127010 0.1131054 0.1120924 0.1124203 0.1129264 0.1124277 0.1137425 0.1104895 0.1101001 0.0000000 0.0003292 0.0002194 0.0006606 0.0001646 0.1079201 0.1081592 0.1095529 0.1097702 0.1080443 0.1113631 0.1090030 0.1087646 0.1089808 0.1113276 0.1115257 0.1090439 0.1095438 0.1096415 0.1101223 0.1097385 0.1093088 0.1116705 0.1115755 0.1111783 0.1115878 0.1120990 0.1101183 0.1104625 0.1116029 0.1108357 0.1127280 0.0254758 0.1114593 0.1103292 0.1104362 0.1066605 0.1103243 0.1106263 0.1102385 0.1104198 0.1103292 0.1104151 0.1110969 0.1114674 0.1114927 0.1130906 0.1132240 0.1100891 0.1102439 0.1082872 
MK673559.1 0.1143530 0.1130389 0.1124915 0.1121471 0.1115944 0.1130998 0.1140657 0.1125692 0.0002206 0.1122925 0.1109881 0.1114062 0.1108488 0.1116457 0.1118858 0.1111814 0.1122068 0.1110820 0.1127023 0.1131067 0.1119131 0.1124215 0.1129277 0.1124290 0.1137438 0.1104907 0.1101014 0.0003292 0.0000000 0.0002194 0.0007710 0.0001646 0.1079438 0.1082488 0.1095770 0.1097944 0.1080456 0.1113877 0.1090270 0.1087728 0.1089820 0.1113289 0.1115270 0.1090451 0.1095521 0.1096427 0.1101236 0.1097397 0.1093170 0.1116717 0.1115767 0.1112028 0.1115890 0.1121003 0.1101195 0.1104637 0.1116041 0.1108369 0.1127292 0.0256081 0.1114605 0.1103304 0.1104374 0.1066617 0.1103255 0.1106275 0.1102398 0.1104211 0.1103304 0.1104163 0.1110981 0.1114686 0.1114940 0.1131156 0.1132252 0.1101133 0.1102682 0.1083109 
MK673560.1 0.1143311 0.1130174 0.1126506 0.1123061 0.1117532 0.1130782 0.1142256 0.1125477 0.0001103 0.1122710 0.1109668 0.1113848 0.1110078 0.1116243 0.1118644 0.1111600 0.1121853 0.1112411 0.1126807 0.1130850 0.1120722 0.1124000 0.1129061 0.1124074 0.1137222 0.1104695 0.1100804 0.0002194 0.0002194 0.0000000 0.0006605 0.0000549 0.1079232 0.1082282 0.1095562 0.1097735 0.1080250 0.1113665 0.1090062 0.1087521 0.1089612 0.1113077 0.1115058 0.1090243 0.1095312 0.1096219 0.1101023 0.1097188 0.1092962 0.1116504 0.1115555 0.1111816 0.1115677 0.1120789 0.1100986 0.1104427 0.1115828 0.1108159 0.1127078 0.0254763 0.1114394 0.1103094 0.1104164 0.1066409 0.1103045 0.1106065 0.1102188 0.1104001 0.1103094 0.1103953 0.1110770 0.1114473 0.1114725 0.1130941 0.1132037 0.1100924 0.1102472 0.1082903 
MK673562.1 0.1137550 0.1126267 0.1122604 0.1119162 0.1113641 0.1126876 0.1138325 0.1121573 0.0005531 0.1118806 0.1105782 0.1109954 0.1106186 0.1114150 0.1114743 0.1107709 0.1117950 0.1108516 0.1122901 0.1126938 0.1116822 0.1120095 0.1125155 0.1120169 0.1131525 0.1099015 0.1096961 0.0006606 0.0007710 0.0006605 0.0000000 0.0006054 0.1075418 0.1078464 0.1091728 0.1093897 0.1076435 0.1109801 0.1086235 0.1083697 0.1085780 0.1109218 0.1111195 0.1086408 0.1091475 0.1092378 0.1097126 0.1093349 0.1089129 0.1112633 0.1111692 0.1107959 0.1111781 0.1116905 0.1097137 0.1100570 0.1111947 0.1104306 0.1121390 0.0252171 0.1110535 0.1099249 0.1100318 0.1062517 0.1099201 0.1102216 0.1098344 0.1100155 0.1099249 0.1100107 0.1106914 0.1108793 0.1109017 0.1125264 0.1126350 0.1097081 0.1098626 0.1079084 
MK673563.1 0.1142402 0.1129271 0.1125604 0.1122160 0.1116632 0.1129879 0.1141348 0.1124575 0.0000552 0.1121808 0.1108770 0.1112948 0.1109178 0.1115343 0.1117742 0.1110701 0.1120951 0.1111510 0.1125905 0.1129946 0.1119820 0.1123098 0.1128159 0.1123172 0.1136322 0.1103797 0.1099915 0.0001646 0.0001646 0.0000549 0.0006054 0.0000000 0.1078349 0.1081398 0.1094675 0.1096847 0.1079367 0.1112772 0.1089177 0.1086636 0.1088725 0.1112185 0.1114165 0.1089356 0.1094424 0.1095330 0.1100122 0.1096300 0.1092075 0.1115610 0.1114662 0.1110924 0.1114776 0.1119891 0.1100096 0.1103535 0.1114931 0.1107268 0.1126179 0.0254130 0.1113502 0.1102205 0.1103275 0.1065507 0.1102156 0.1105175 0.1101299 0.1103111 0.1102205 0.1103064 0.1109879 0.1113575 0.1113823 0.1130044 0.1131139 0.1100035 0.1101582 0.1082019 
MK673564.1 0.0246737 0.0103131 0.0099784 0.0096211 0.0099209 0.0101475 0.0116059 0.0103892 0.1082819 0.0043740 0.0081723 0.0038127 0.0089536 0.0095169 0.0044953 0.0042632 0.0107603 0.0091239 0.0101574 0.0105733 0.0100469 0.0102194 0.0105059 0.0101637 0.0247359 0.0261242 0.0082815 0.1079201 0.1079438 0.1079232 0.1075418 0.1078349 0.0000000 0.0049623 0.0027082 0.0028206 0.0023751 0.0097899 0.0026540 0.0024874 0.0025471 0.0097230 0.0100824 0.0025483 0.0081111 0.0082858 0.0083988 0.0084548 0.0083990 0.0092267 0.0043932 0.0090335 0.0091143 0.0046939 0.0036110 0.0036156 0.0094848 0.0091519 0.0231127 0.1102536 0.0047846 0.0039417 0.0039984 0.0041646 0.0039415 0.0041113 0.0038855 0.0039980 0.0039417 0.0039978 0.0043933 0.0221600 0.0220999 0.0220960 0.0221889 0.0086847 0.0082856 0.0002193 
MK673565.1 0.0235781 0.0094436 0.0090978 0.0090495 0.0090411 0.0095041 0.0107113 0.0093912 0.1085730 0.0075419 0.0079981 0.0069725 0.0080762 0.0089911 0.0074375 0.0070795 0.0097585 0.0083628 0.0091603 0.0095735 0.0091626 0.0093409 0.0096822 0.0092826 0.0235857 0.0248935 0.0074147 0.1081592 0.1082488 0.1082282 0.1078464 0.1081398 0.0049623 0.0000000 0.0058119 0.0059277 0.0053591 0.0089191 0.0056445 0.0054743 0.0055397 0.0088528 0.0090940 0.0055423 0.0070759 0.0077118 0.0078754 0.0078806 0.0074198 0.0083562 0.0074185 0.0080520 0.0081220 0.0076221 0.0065103 0.0065186 0.0084359 0.0081687 0.0219717 0.1103218 0.0077002 0.0068424 0.0069005 0.0070299 0.0068420 0.0070159 0.0067850 0.0068998 0.0068424 0.0068994 0.0073038 0.0209534 0.0210157 0.0209027 0.0209871 0.0077058 0.0081155 0.0051904 
MK673566.1 0.0256205 0.0114295 0.0110945 0.0108526 0.0111552 0.0112639 0.0126127 0.0113868 0.1099252 0.0054553 0.0093946 0.0048923 0.0101850 0.0108668 0.0053503 0.0052291 0.0117614 0.0103558 0.0111541 0.0115726 0.0110438 0.0113377 0.0115040 0.0111611 0.0256767 0.0270791 0.0091456 0.1095529 0.1095770 0.1095562 0.1091728 0.1094675 0.0027082 0.0058119 0.0000000 0.0012109 0.0032103 0.0107775 0.0034906 0.0033234 0.0033847 0.0107094 0.0110716 0.0033863 0.0090903 0.0091505 0.0092170 0.0093198 0.0093795 0.0102133 0.0052381 0.0100171 0.0101069 0.0055435 0.0044536 0.0044591 0.0104753 0.0101364 0.0240473 0.1113660 0.0056307 0.0047843 0.0048414 0.0050890 0.0047841 0.0049549 0.0047278 0.0048408 0.0047843 0.0048406 0.0052383 0.0230926 0.0230374 0.0230233 0.0231178 0.0096663 0.0093815 0.0029316 
MK673567.1 0.0257584 0.0115518 0.0112166 0.0109744 0.0112774 0.0113861 0.0127368 0.0115092 0.1101439 0.0055726 0.0095150 0.0050081 0.0103066 0.0109888 0.0054667 0.0053461 0.0118844 0.0104775 0.0112763 0.0116953 0.0111659 0.0114602 0.0116266 0.0112834 0.0258136 0.0271548 0.0092649 0.1097702 0.1097944 0.1097735 0.1093897 0.1096847 0.0028206 0.0059277 0.0012109 0.0000000 0.0033233 0.0108950 0.0036036 0.0034365 0.0034980 0.0108302 0.0111929 0.0034996 0.0092095 0.0092698 0.0093966 0.0094393 0.0094990 0.0103339 0.0053531 0.0101341 0.0102281 0.0056604 0.0045679 0.0045737 0.0105965 0.0102566 0.0241826 0.1115419 0.0057471 0.0048988 0.0049559 0.0051490 0.0048986 0.0050696 0.0048423 0.0049554 0.0048988 0.0049552 0.0052389 0.0232273 0.0231728 0.0231497 0.0232520 0.0097830 0.0094980 0.0030433 
MK673568.1 0.0250522 0.0109027 0.0105678 0.0103267 0.0106282 0.0107371 0.0120806 0.0108594 0.1083843 0.0047727 0.0088720 0.0042106 0.0096590 0.0103402 0.0046659 0.0045470 0.0112322 0.0098296 0.0105091 0.0109260 0.0105167 0.0108100 0.0109764 0.0106338 0.0249856 0.0263776 0.0086848 0.1080443 0.1080456 0.1080250 0.1076435 0.1079367 0.0023751 0.0053591 0.0032103 0.0033233 0.0000000 0.0102571 0.0029331 0.0027659 0.0028261 0.0101878 0.0105486 0.0028274 0.0085728 0.0085740 0.0086911 0.0088586 0.0088614 0.0096916 0.0045621 0.0094986 0.0095820 0.0048637 0.0037794 0.0037841 0.0098350 0.0096158 0.0233622 0.1103823 0.0049537 0.0041101 0.0041668 0.0043955 0.0041099 0.0042799 0.0040538 0.0041664 0.0041101 0.0041662 0.0045622 0.0225338 0.0224757 0.0224717 0.0224981 0.0091488 0.0088643 0.0025981 
MK673570.1 0.0273641 0.0048164 0.0073382 0.0071186 0.0073395 0.0046475 0.0092860 0.0038538 0.1116088 0.0121273 0.0045435 0.0117216 0.0062087 0.0043723 0.0119551 0.0119503 0.0041999 0.0068989 0.0039117 0.0040262 0.0077544 0.0038006 0.0041358 0.0039154 0.0275547 0.0287712 0.0101995 0.1113631 0.1113877 0.1113665 0.1109801 0.1112772 0.0097899 0.0089191 0.0107775 0.0108950 0.0102571 0.0000000 0.0106074 0.0104342 0.0105025 0.0000549 0.0057514 0.0104487 0.0042247 0.0076463 0.0077523 0.0077033 0.0047885 0.0042289 0.0122044 0.0025425 0.0026196 0.0123100 0.0113842 0.0114009 0.0066875 0.0026558 0.0258980 0.1139678 0.0126067 0.0117257 0.0117861 0.0117475 0.0117250 0.0119054 0.0116665 0.0117848 0.0117257 0.0117842 0.0122025 0.0250009 0.0250137 0.0249952 0.0250818 0.0040528 0.0057530 0.0100206 
MK673571.1 0.0256355 0.0112007 0.0109236 0.0106819 0.0109843 0.0110931 0.0124408 0.0111578 0.1093615 0.0050570 0.0092243 0.0040418 0.0100140 0.0106959 0.0049505 0.0048311 0.0115900 0.0101848 0.0109251 0.0113432 0.0108728 0.0111085 0.0113331 0.0109320 0.0256282 0.0270305 0.0089768 0.1090030 0.1090270 0.1090062 0.1086235 0.1089177 0.0026540 0.0056445 0.0034906 0.0036036 0.0029331 0.0106074 0.0000000 0.0001645 0.0001099 0.0105409 0.0109028 0.0001099 0.0089214 0.0089230 0.0089865 0.0090924 0.0092106 0.0100437 0.0049583 0.0098474 0.0099362 0.0051469 0.0040602 0.0040652 0.0103052 0.0099679 0.0239982 0.1111117 0.0052357 0.0043909 0.0044478 0.0047422 0.0043907 0.0045610 0.0043345 0.0044473 0.0043909 0.0044471 0.0048438 0.0230432 0.0229877 0.0229747 0.0230686 0.0094975 0.0092127 0.0028773 
MK673573.1 0.0254440 0.0110241 0.0107470 0.0105056 0.0108076 0.0109164 0.0122622 0.0109809 0.1091000 0.0048862 0.0090492 0.0038716 0.0098377 0.0105193 0.0047795 0.0046604 0.0114125 0.0100084 0.0107485 0.0111661 0.0106961 0.0109316 0.0111561 0.0107552 0.0254380 0.0268374 0.0088037 0.1087646 0.1087728 0.1087521 0.1083697 0.1086636 0.0024874 0.0054743 0.0033234 0.0034365 0.0027659 0.0104342 0.0001645 0.0000000 0.0000549 0.0103665 0.0107279 0.0000550 0.0087480 0.0087495 0.0088106 0.0089188 0.0090372 0.0098689 0.0047890 0.0096752 0.0097603 0.0049767 0.0038915 0.0038964 0.0101296 0.0097938 0.0238094 0.1108796 0.0050663 0.0042222 0.0042790 0.0045686 0.0042220 0.0043921 0.0041659 0.0042786 0.0042222 0.0042783 0.0046746 0.0228548 0.0227984 0.0227925 0.0228810 0.0093256 0.0090409 0.0027106 
MK673574.1 0.0255133 0.0110831 0.0108060 0.0105645 0.0108666 0.0109754 0.0123219 0.0110400 0.1091878 0.0049432 0.0091077 0.0039283 0.0098965 0.0105783 0.0048366 0.0047173 0.0114718 0.0100673 0.0108075 0.0112253 0.0107551 0.0109907 0.0112152 0.0108142 0.0254750 0.0268656 0.0088159 0.1089808 0.1089820 0.1089612 0.1085780 0.1088725 0.0025471 0.0055397 0.0033847 0.0034980 0.0028261 0.0105025 0.0001099 0.0000549 0.0000000 0.0104412 0.0108035 0.0000010 0.0088197 0.0088170 0.0088830 0.0089908 0.0091099 0.0099272 0.0048515 0.0097492 0.0098256 0.0050335 0.0039509 0.0039566 0.0101890 0.0098668 0.0238726 0.1111003 0.0051305 0.0042849 0.0043418 0.0046333 0.0042847 0.0044551 0.0042285 0.0043413 0.0042849 0.0043411 0.0047382 0.0229202 0.0228617 0.0228938 0.0229502 0.0093989 0.0091137 0.0027708 
MK673575.1 0.0274263 0.0048160 0.0073376 0.0071181 0.0073389 0.0047038 0.0092852 0.0038535 0.1116881 0.0121264 0.0045431 0.0117207 0.0062082 0.0043720 0.0119542 0.0119493 0.0041995 0.0068983 0.0039114 0.0040259 0.0077538 0.0038003 0.0041354 0.0039151 0.0274681 0.0288282 0.0101311 0.1113276 0.1113289 0.1113077 0.1109218 0.1112185 0.0097230 0.0088528 0.0107094 0.0108302 0.0101878 0.0000549 0.0105409 0.0103665 0.0104412 0.0000000 0.0056886 0.0103874 0.0041650 0.0075847 0.0076870 0.0076386 0.0047277 0.0041717 0.0121377 0.0024858 0.0026194 0.0122480 0.0113230 0.0113375 0.0066285 0.0025973 0.0258269 0.1139748 0.0125361 0.0116562 0.0117166 0.0116768 0.0116555 0.0118357 0.0115971 0.0117152 0.0116562 0.0117146 0.0121324 0.0249302 0.0249441 0.0249168 0.0250114 0.0039944 0.0056930 0.0099566 
MK673576.1 0.0274651 0.0065878 0.0075136 0.0075271 0.0075724 0.0066470 0.0096988 0.0061914 0.1118876 0.0124425 0.0063169 0.0120899 0.0064980 0.0066621 0.0123888 0.0125026 0.0066008 0.0071370 0.0061333 0.0064224 0.0080462 0.0061394 0.0064170 0.0061992 0.0277105 0.0290095 0.0103754 0.1115257 0.1115270 0.1115058 0.1111195 0.1114165 0.0100824 0.0090940 0.0110716 0.0111929 0.0105486 0.0057514 0.0109028 0.0107279 0.0108035 0.0056886 0.0000000 0.0107497 0.0035487 0.0079378 0.0079876 0.0079917 0.0048420 0.0050761 0.0124512 0.0048408 0.0049396 0.0125631 0.0117518 0.0117669 0.0068030 0.0049541 0.0259901 0.1145854 0.0129684 0.0120855 0.0121461 0.0121149 0.0120848 0.0122657 0.0120262 0.0121447 0.0120855 0.0121441 0.0125636 0.0252306 0.0251821 0.0251534 0.0252473 0.0044453 0.0041103 0.0103172 
MK673577.1 0.0255409 0.0110374 0.0108193 0.0105775 0.0108800 0.0109296 0.0123372 0.0109942 0.1093506 0.0048920 0.0090602 0.0039331 0.0099087 0.0104734 0.0048424 0.0047230 0.0114264 0.0100797 0.0107615 0.0111796 0.0107683 0.0109448 0.0111696 0.0107682 0.0255535 0.0269460 0.0088796 0.1090439 0.1090451 0.1090243 0.1086408 0.1089356 0.0025483 0.0055423 0.0033863 0.0034996 0.0028274 0.0104487 0.0001099 0.0000550 0.0000010 0.0103874 0.0107497 0.0000000 0.0087657 0.0087056 0.0087695 0.0088787 0.0090559 0.0098807 0.0047970 0.0096953 0.0097721 0.0049826 0.0039530 0.0039587 0.0101418 0.0098136 0.0239030 0.1111648 0.0051329 0.0042869 0.0043438 0.0046359 0.0042867 0.0044572 0.0042304 0.0043434 0.0042869 0.0043431 0.0046838 0.0229470 0.0228910 0.0229051 0.0229729 0.0093449 0.0090597 0.0027721 
MK673578.1 0.0255832 0.0050447 0.0059622 0.0059730 0.0060202 0.0051029 0.0081228 0.0047054 0.1098785 0.0104782 0.0047725 0.0099571 0.0049498 0.0051145 0.0104241 0.0105374 0.0050547 0.0055831 0.0045934 0.0048793 0.0064878 0.0046526 0.0049887 0.0047112 0.0258298 0.0272346 0.0085161 0.1095438 0.1095521 0.1095312 0.1091475 0.1094424 0.0081111 0.0070759 0.0090903 0.0092095 0.0085728 0.0042247 0.0089214 0.0087480 0.0088197 0.0041650 0.0035487 0.0087657 0.0000000 0.0061614 0.0063029 0.0062158 0.0033252 0.0035548 0.0105033 0.0033244 0.0034659 0.0106062 0.0098102 0.0098227 0.0052611 0.0034371 0.0240721 0.1127169 0.0110170 0.0101433 0.0102030 0.0103004 0.0101427 0.0103211 0.0100847 0.0102019 0.0101433 0.0102013 0.0106152 0.0232417 0.0231832 0.0231783 0.0232664 0.0029328 0.0036075 0.0083431 
MK673579.1 0.0255752 0.0084458 0.0083387 0.0082276 0.0083980 0.0085680 0.0103016 0.0083360 0.1099710 0.0107044 0.0077691 0.0101289 0.0073192 0.0082943 0.0104785 0.0105918 0.0085830 0.0078371 0.0082226 0.0085164 0.0086398 0.0082851 0.0085092 0.0082272 0.0255763 0.0268318 0.0088691 0.1096415 0.1096427 0.1096219 0.1092378 0.1095330 0.0082858 0.0077118 0.0091505 0.0092698 0.0085740 0.0076463 0.0089230 0.0087495 0.0088170 0.0075847 0.0079378 0.0087056 0.0061614 0.0000000 0.0001113 0.0011569 0.0063320 0.0069695 0.0106725 0.0069027 0.0069000 0.0107722 0.0098642 0.0098768 0.0076234 0.0070168 0.0238159 0.1124320 0.0110779 0.0102037 0.0102635 0.0101793 0.0102031 0.0103816 0.0101451 0.0102623 0.0102037 0.0102618 0.0105586 0.0229832 0.0229234 0.0229377 0.0230155 0.0065589 0.0073648 0.0085181 
MK673580.1 0.0258335 0.0086264 0.0082824 0.0082285 0.0084602 0.0086915 0.0103917 0.0085150 0.1104579 0.0108598 0.0078810 0.0102165 0.0073660 0.0084731 0.0105708 0.0106857 0.0087070 0.0077734 0.0084000 0.0086983 0.0087056 0.0084635 0.0086909 0.0084048 0.0257599 0.0270443 0.0089905 0.1101223 0.1101236 0.1101023 0.1097126 0.1100122 0.0083988 0.0078754 0.0092170 0.0093966 0.0086911 0.0077523 0.0089865 0.0088106 0.0088830 0.0076870 0.0079876 0.0087695 0.0063029 0.0001113 0.0000000 0.0012284 0.0064759 0.0071272 0.0108221 0.0070547 0.0070506 0.0109278 0.0100060 0.0100189 0.0076721 0.0071721 0.0239785 0.1126825 0.0112302 0.0103437 0.0104043 0.0103256 0.0103431 0.0105241 0.0102842 0.0104031 0.0103437 0.0104026 0.0107037 0.0232007 0.0231412 0.0231380 0.0232259 0.0067060 0.0074650 0.0086344 
MK673581.1 0.0256430 0.0085057 0.0083986 0.0082875 0.0084580 0.0085120 0.0103627 0.0083959 0.1100730 0.0108834 0.0078288 0.0103076 0.0073788 0.0083543 0.0106575 0.0107708 0.0085263 0.0078969 0.0082825 0.0085764 0.0087000 0.0083450 0.0085692 0.0082871 0.0256356 0.0269689 0.0090385 0.1097385 0.1097397 0.1097188 0.1093349 0.1096300 0.0084548 0.0078806 0.0093198 0.0094393 0.0088586 0.0077033 0.0090924 0.0089188 0.0089908 0.0076386 0.0079917 0.0088787 0.0062158 0.0011569 0.0012284 0.0000000 0.0062719 0.0069701 0.0108461 0.0069568 0.0069592 0.0109505 0.0099240 0.0100538 0.0076807 0.0070725 0.0238795 0.1123521 0.0111311 0.0102570 0.0103168 0.0103582 0.0102565 0.0104349 0.0101984 0.0103157 0.0102570 0.0103151 0.0106119 0.0230496 0.0229901 0.0229875 0.0230750 0.0066130 0.0074188 0.0086872 
MK673582.1 0.0255843 0.0055016 0.0057866 0.0058571 0.0059046 0.0056742 0.0080049 0.0052743 0.1096535 0.0106550 0.0052288 0.0103693 0.0048348 0.0056871 0.0107194 0.0108328 0.0053968 0.0054674 0.0051621 0.0054491 0.0063716 0.0052218 0.0055584 0.0052808 0.0256376 0.0269709 0.0085728 0.1093088 0.1093170 0.1092962 0.1089129 0.1092075 0.0083990 0.0074198 0.0093795 0.0094990 0.0088614 0.0047885 0.0092106 0.0090372 0.0091099 0.0047277 0.0048420 0.0090559 0.0033252 0.0063320 0.0064759 0.0062719 0.0000000 0.0041170 0.0106787 0.0038846 0.0038051 0.0109003 0.0099850 0.0101150 0.0051465 0.0039977 0.0240085 0.1122996 0.0111926 0.0103181 0.0103779 0.0104226 0.0103176 0.0104961 0.0102595 0.0103768 0.0103181 0.0103762 0.0107906 0.0231783 0.0231195 0.0231132 0.0232032 0.0034916 0.0047326 0.0086313 
MK673583.1 0.0266303 0.0053842 0.0067626 0.0067748 0.0068210 0.0053286 0.0088188 0.0048173 0.1118283 0.0116000 0.0049984 0.0111948 0.0057494 0.0053407 0.0113083 0.0114218 0.0051668 0.0063849 0.0047053 0.0049913 0.0071765 0.0047646 0.0051006 0.0048233 0.0268396 0.0281150 0.0095747 0.1116705 0.1116717 0.1116504 0.1112633 0.1115610 0.0092267 0.0083562 0.0102133 0.0103339 0.0096916 0.0042289 0.0100437 0.0098689 0.0099272 0.0041717 0.0050761 0.0098807 0.0035548 0.0069695 0.0071272 0.0069701 0.0041170 0.0000000 0.0116356 0.0034419 0.0035802 0.0117238 0.0106939 0.0107095 0.0059460 0.0035539 0.0251019 0.1145050 0.0119186 0.0110393 0.0110996 0.0108566 0.0110387 0.0112185 0.0109804 0.0110983 0.0110393 0.0110977 0.0115148 0.0242680 0.0242086 0.0242443 0.0243008 0.0033854 0.0050801 0.0094607 
